File type = "ooTextFile"
Object class = "Pitch 1"

0
4.754020833333334
472
0.01
0.022010416666666918
600
15
0.00956593854218366
5
0
0
2052.5348028296407
0.5192619175412852
455.4017560738682
0.3595928214439837
348.36327190574104
0.4503054088914162
290.0770249825883
0.26061271567102473
0.0055217787650378245
6
0
0
2016.2769611228755
0.5015146725577184
467.9544694845668
0.31153790919062674
418.90567815766775
0.2610870868015162
372.7266600049306
0.3445718352255793
351.52565509018797
0.32636785645131167
0.005182928520798058
2
0
0
1916.936622889736
0.5100069792854438
0.006690955979528498
7
0
0
1984.7750480973714
0.6312879206008744
1000.6555139337629
0.2590752476998738
325.75636884956066
0.33605511644583436
315.88836927769944
0.3352070642567267
282.855770034034
0.24985521740101052
272.36647497566884
0.25160331331769253
0.007499458953245938
7
0
0
2009.3134872795886
0.6514321522935405
1016.4086602814948
0.2569497572052567
327.37899875209297
0.3457263784336706
313.7299150002296
0.3574716728586594
281.5891194127884
0.37237389938454046
147.58749313027278
0.43698609055164467
0.0039810638887699
3
0
0
1923.9563962964119
0.6230918549297401
967.6091747710765
0.24224732016544506
0.0039460397520926305
5
0
0
1962.096739097188
0.39508883592052885
156.53654189198713
0.3209691110875113
150.07379881820094
0.30413455546702045
144.8512059267217
0.28919055036143804
0.005704477018612167
3
0
0
310.1959628727815
0.3231939715725775
289.3749481148349
0.39089989782626455
0.003348331902544346
9
0
0
2020.9241931329207
0.40676146961826826
311.7001784703387
0.29884939118874865
288.1751090333229
0.36246525991023143
273.30256356836196
0.31202551076308793
87.6361816163445
0.22739003125714516
86.80862380433715
0.2535605849245601
85.02207560307045
0.2947522990184587
83.91666400454855
0.24591648440217917
0.0059083690455183305
8
0
0
1019.9490690991747
0.36549599247378267
464.44980994216166
0.23683289977426553
416.59395668838795
0.23958686994087522
373.9446539559675
0.3099568473686693
345.13000948039877
0.3259525957790034
330.8410556877805
0.33412278915763327
316.32155853682053
0.3547259863836569
0.006232282368082434
7
0
0
999.9755686663638
0.5631720668084665
636.9570630263147
0.4897133118324993
539.3508502757845
0.490888968656337
373.16519578596933
0.6175889650474706
351.1151425798993
0.6280269249712506
334.1230845534922
0.6196738273350494
0.006161731946262932
12
0
0
7288.212740353116
0.8755139872590347
894.2812619561385
0.4017582039642277
628.8815160132353
0.29026882250188707
559.1120094723941
0.28194552085848446
505.95175460494835
0.2951974127433585
467.2513353931422
0.3287500295507613
434.7891508496649
0.35718600523227306
375.63764265182016
0.4388524398049871
347.12805942263867
0.4517209999337904
322.6168613224312
0.46993849750148936
310.826565141522
0.46376363451235275
0.0036468426549166847
5
0
0
3262.930110632878
0.6410026902556877
2085.6083685091357
0.5622382089159359
1041.5705951630414
0.2626092569575245
876.7157623235464
0.23261341216630493
0.0045596179847217635
5
0
0
3426.447923868561
0.7500719945455727
1037.8235437347826
0.47475917312644234
836.3593603552287
0.49692003920017086
618.5447588520758
0.46561968584698726
0.004475119009179112
5
0
0
7875.245157776014
0.774337191858897
824.6566293901764
0.3414149124903561
626.4363814736182
0.3701717247274163
582.8483830626134
0.37533598573091415
0.0052213785037219
14
0
0
7365.720604803309
0.8198732765456983
964.8277471494735
0.4906327384786196
849.165023449239
0.5138587265886316
751.6528153340989
0.4570726157630546
677.5497806010342
0.4184690936729934
629.7161887979224
0.4106158398228404
541.109350135273
0.360600322994351
516.7520192779895
0.3547282997448047
437.9672666781673
0.3082586590412547
376.0980196306188
0.2750388286782904
357.91912110446407
0.2696764159821134
338.1593473178694
0.26445513095659884
316.7312079986221
0.2785277997299196
0.004868866879468644
15
0
0
7094.504533020722
0.902361286456148
3141.230890153291
0.8503843125018225
2179.880603781596
0.8039968266855431
1534.9380488856523
0.7381536290502111
874.8861929092233
0.6077712397267314
538.0360981752456
0.46753731513342534
524.1378290545031
0.4685799765685987
466.46617404430395
0.463036403282113
364.6861538634817
0.5158744281613011
350.1928575581836
0.520009165628538
327.96730480480164
0.517046237843395
314.87827922242207
0.5093618722687184
297.097690533666
0.491968495363235
282.54366917205925
0.48855823324608766
0.004060946195284824
3
0
0
3222.0427902947426
0.7528487318821879
1546.51645331751
0.5526230621023931
0.004217126189387556
11
0
0
3181.843851007697
0.8150308714448373
1537.714245593568
0.6870792716792636
1024.662756006768
0.5990159916393034
886.5855141694353
0.5777322539760538
688.1745147398482
0.53055577417416
613.8484433637138
0.5214487224495188
560.4039845295079
0.5113051604532084
437.0975138236367
0.3940213547161515
381.29692627925675
0.3017002914215324
335.38478298103064
0.24422281859869402
0.005326793597870364
12
0
0
7748.500467949663
0.8673857071696582
3062.361961581802
0.7902444505957735
1511.388654652497
0.6851398109466803
1052.9523425296288
0.6025638148530368
748.9610105358454
0.5496766528595197
686.5019297965265
0.5498490569891711
606.4300168055846
0.5530616770377109
556.0973814139272
0.5452084605119923
468.325649462796
0.5088790026055314
435.9061889242548
0.49958928268784353
335.4798435291938
0.32115680273760383
0.005283512686000312
14
0
0
6804.430394046435
0.8914599525272462
3018.750224949625
0.8454414856968078
2010.201698274667
0.817373593982112
1473.8780064526916
0.7971783550465662
1201.6154814779293
0.7739883803560558
1009.4331180603465
0.741260427792074
747.4260842363383
0.6532818831308652
677.3349910864148
0.6366603823533293
592.4482552564027
0.6008700904951145
549.7607437300092
0.5737486524093688
460.0133382473816
0.5002720428041789
318.44571546623627
0.3040781987294681
272.80117693512045
0.2273011365434261
0.005689430129503534
15
0
0
6278.351264573183
0.8535772344131336
2991.8116366561635
0.8035457853246601
2020.2194592410708
0.7388434693821593
1482.980975336237
0.6658998425159327
1176.8903232770683
0.6231529355051141
974.8647679620527
0.6112459461643949
835.6254150453987
0.5979583922431913
736.1810397567462
0.5801827849673242
658.3163376164247
0.5413528491916577
589.737198546218
0.5131922289872729
543.0002556963411
0.5082381461360143
502.2783043023272
0.444163061274058
462.3382612194138
0.4471751369463065
430.8999739636364
0.4220646399601863
0.007085735555527083
15
0
0
6176.906774045707
0.6643133076273549
2993.3737503841585
0.6258394282251218
2016.2769591180859
0.34750090963846014
1480.8487254500587
0.28401367914863784
845.140837997389
0.2402993242490814
736.898091630889
0.2757567066037103
660.4933023262203
0.3349394248500341
592.9009594749022
0.2519436080905536
543.1575399599794
0.3854805306645072
135.34899618220174
0.264253303659319
461.65586558085704
0.3660664577379372
429.94364346692373
0.257509968832371
399.97001748582613
0.26655110832099965
271.56907496031897
0.2365180456779487
0.012438064552482078
14
0
0
6229.855385204623
0.6407941989021837
3005.6107741493465
0.6480356909680041
2021.8472851584954
0.3939253010767233
1499.6392469968957
0.35692023882454404
1218.768509541089
0.27093029260828827
865.1692077803425
0.27780370416547695
670.6624398672575
0.34004843883125385
546.0771954628933
0.3749071403394778
461.55804743674577
0.34056117829969607
429.9669497282263
0.23531196955233266
399.7612354598031
0.27481776970945926
375.9444442318698
0.24448190681434762
135.13678981070058
0.24823412553892013
0.01747765812419607
9
0
0
6396.573822930643
0.6922851664272576
3030.5674531719765
0.6437873855491528
2053.7848723375346
0.49249928870031195
1547.4334188865134
0.3402640541222424
1239.0110156453047
0.23524179434499107
140.68198819963766
0.24195912280405246
137.63117476013375
0.279422686619849
134.6534090660726
0.25157992566992177
0.029001592522295536
15
0
0
6717.111658432466
0.7988602335369005
2911.1613819748227
0.7362515152155098
2034.0625079105669
0.6197660950959404
1416.7419308636609
0.4667990126346009
76.84274056008228
0.48300503788591603
143.74094857003197
0.44389094669778495
147.4288386215834
0.48490332535499253
77.6900832235301
0.48450713648925986
79.84411423943165
0.5069162314056466
78.93147084800182
0.4944430623320365
163.10056428907617
0.4440097288774013
159.26870189379986
0.4720685787259195
154.3933655831514
0.4906214329542269
150.86478183762404
0.521316759490464
0.10027465400348066
6
188.60405231239838
0.6940860040260019
7634.842031624067
0.9714286061212226
0
0
95.65853230993183
0.24885189579558203
94.5161294208557
0.2515716859438304
91.62265180736866
0.23222344514446264
0.349396434222855
3
187.47290682837468
0.8538442870779844
0
0
93.54540633560079
0.6077462644234946
0.5183443021291393
3
181.14991891050335
0.9367602903381227
0
0
90.73416179419414
0.8371388947402602
0.6232642109855894
3
180.13286006345763
0.9857667900746117
0
0
90.02296222070622
0.9491743247390306
0.7807057093601414
3
180.9755566421917
0.992197310237029
0
0
90.4802528318835
0.9750233404154419
0.8192100832697103
3
181.6051268728207
0.988634931993032
0
0
90.81704136170335
0.9657987941589208
0.8182154464209925
3
180.52657328500408
0.9856737979348829
0
0
90.24848850772166
0.9481533303125261
0.7022875754171974
3
180.09076571039276
0.990438450829973
0
0
90.02914950284215
0.9682041903144205
0.5533918770092579
3
179.4632392666955
0.9933156890013728
0
0
89.65646414895797
0.9786394042116664
0.4737035999482744
3
177.92058215348203
0.985705783288875
0
0
88.84059625501344
0.9475108781486261
0.43363138162453096
3
175.66700429982666
0.9873385589670621
0
0
87.78110459955713
0.9542654792026936
0.4164552886287458
3
173.77653283925486
0.985996970817373
0
0
86.84945533633584
0.9493231802392341
0.3867052208291882
3
171.54204080766087
0.9671452778352327
0
0
85.6445455670335
0.884449665203269
0.29310803494216714
3
166.91209166388614
0.9776842238579905
0
0
83.17914275986483
0.9563474990331117
0.2503098062825906
3
163.50360452773256
0.9987910304633614
0
0
81.72675770880019
0.9836616378670962
0.24532694592788523
3
164.34288774959228
0.9831176558029757
0
0
82.01239564145882
0.9545313884215695
0.23293360005721594
3
163.92504225222962
0.9937106118215607
0
0
81.87197760976039
0.9977435547532032
0.24768166227581545
3
167.2982136571971
0.99271349126048
0
0
83.5438405826479
0.9845942838133276
0.2598482357783269
3
170.10637623480253
0.9918602561390107
0
0
85.1506965036159
0.9788311743221011
0.3089524495392889
3
172.53189823958613
0.9931586750564824
0
0
86.1812511759412
0.9893302809952048
0.39310839993994706
3
173.9482741278851
0.9914910396206031
0
0
86.9658686371663
0.9824017002154193
0.4017970818098176
3
174.45860832885597
0.9907198351528349
0
0
87.35977582058192
0.9804052477848817
0.46994354352180523
3
174.4877439168194
0.9898394973036764
0
0
87.48491425442933
0.9797584637646355
0.5082927608457699
3
173.2536781177891
0.9891826654221619
0
0
86.66461412475326
0.9832954975711266
0.5393146875016717
3
172.62161448368818
0.9945101797046996
0
0
86.3111876323872
0.9960370811899817
0.551454956659514
3
173.36971611947564
0.9937642464884579
0
0
86.61083606024182
0.9854382152525245
0.5634844859602822
3
174.23476158605254
0.9951724236895153
0
0
87.09229791813336
0.9867283369488697
0.5289673646309266
3
174.7794070146212
0.9956045427208072
0
0
87.35983530639159
0.9870978264159214
0.5069552436031394
3
173.37598990534528
0.9905979938432543
0
0
86.67636404490077
0.9689075661793524
0.44037050925675497
3
170.5410283981784
0.9751482304499826
0
0
85.24467908723034
0.910496873952928
0.35773230243437976
3
166.6092734029518
0.9195887479433497
0
0
83.06501638953183
0.7205339210825654
0.16690596154220716
3
158.24995733853638
0.8689955836396981
0
0
75.96157423730602
0.8174531263017324
0.14538781759625627
3
157.55292127232048
0.8882926480639043
0
0
77.57381557045031
0.7263975637021713
0.11360989923143104
3
165.20392012818627
0.8597476318947992
0
0
83.24307008470014
0.6608435278770981
0.049212738650738164
3
169.45134447526746
0.8273741310478607
0
0
85.9045793261737
0.7452865340650177
0.03009068695460679
3
0
0
170.7206711297098
0.7145614847170432
87.28788647513548
0.35254815256050925
0.026228706045262236
5
0
0
338.76050796093006
0.22689870353074632
169.98339783830377
0.5832296844923043
115.85784321414395
0.28764737369694277
86.36315367831475
0.3649410283261532
0.03179221762618182
3
0
0
168.37374571264735
0.7566884993686981
83.99030943856755
0.5507126322451169
0.017848123212288416
3
0
0
171.45949211437195
0.6041521590674972
87.19533253070799
0.6174566549494045
0.060933381504369936
15
0
0
9564.829805008762
0.6692834410514049
4925.607541986393
0.6747502684623792
3279.018123462081
0.5970378940583686
2437.256550741061
0.5130877936406572
1974.3839693174423
0.4383951258960699
1616.1858583920155
0.26996586192450067
1382.1045370769473
0.25404867794336783
168.6640868685263
0.25322654874497935
191.31960022281038
0.24926311309491644
171.68559345624143
0.2637385558248097
184.49773497967143
0.2662733483742349
181.17363416532453
0.276927603196892
177.59675872826966
0.25856652380568396
174.78947140071557
0.2933368736745853
0.12900373344560825
11
0
0
9103.372398533684
0.6204901417987332
5015.184634782036
0.5749903434461999
3327.356040594129
0.49809677271550823
2432.8592696540004
0.39736776097681975
1969.226709039513
0.37250733461222113
1412.268192800606
0.22761795316080746
377.8687820717794
0.2341718350286469
346.6531540276086
0.38491549032118505
325.6135003814304
0.40553599663031825
306.24640723108746
0.25043334915179416
0.11211127220483401
13
0
0
9258.899291873036
0.706008261346393
5075.921102403947
0.6309025513188061
3377.032759866399
0.5332038876229518
2444.6553921410496
0.4206146464240644
1972.4399459653107
0.3848844237784821
347.35432964148026
0.24262707916707352
92.11060086017218
0.26676799513307076
90.53269827391002
0.27802127658709447
89.59080701472747
0.2935694682880306
88.7835232279494
0.33439289105971054
88.0658499827572
0.3085527514930359
87.20872556985648
0.25828685686026337
0.31046808177091395
2
0
0
226.68565938655672
0.4360271501856665
0.6534934776509056
3
194.21351765609833
0.7012916098665495
0
0
96.57622499975925
0.39571248637517387
0.800012367225504
3
189.16633468631204
0.856985159643974
0
0
94.312081228827
0.6650437394732839
0.8646543634570305
8
182.9958867912749
0.9249643274473379
706.7336063590552
0.3179435908199648
246.55235318661522
0.2751571498130521
0
0
145.9168012022908
0.2916773484278036
104.74163231128492
0.23034870639546567
91.43519731458372
0.8423644609197137
81.45905816606921
0.2581140673476706
0.9131656057095615
10
179.61300408004342
0.9367555543277888
709.1879027883638
0.4653713149167337
362.5831673391266
0.30229165044308676
241.33272830822324
0.4612276693973393
0
0
143.81513073528532
0.4092816289928814
120.69928905570843
0.29086904583336115
103.04237915988492
0.4171129327688093
89.81049689741613
0.8444073882098288
80.07128170168377
0.3373626007875693
0.8400354273774947
10
175.9897535622668
0.9370334973814837
704.2497916381801
0.5234480801646552
354.4360921770626
0.30793547776826974
235.32038205572718
0.4936748599855282
0
0
141.14626518233797
0.48676198048729175
117.94744248858248
0.28839855984604085
100.67065595302847
0.44975198927226906
87.93060335097849
0.85440609916202
78.40686374113949
0.43840098728654764
0.818401767239621
10
172.79081759693238
0.9539658152522301
702.3170124605148
0.5029010432262994
348.37377235783447
0.2592092622875985
229.91009269093675
0.49292390438019174
0
0
139.0824768845521
0.46952772397741627
116.09913166244533
0.24862046959960518
98.80376780600884
0.4562948059019204
86.37327948552894
0.8777309783453337
77.15984618076742
0.4042650519753498
0.8411425255616851
8
169.84795396137164
0.944738180050585
693.55460384631
0.3869643126042923
224.6337061581295
0.35648349394617257
0
0
136.6692970297627
0.38323371811713586
96.58076205845323
0.34221940659741856
84.82138381523392
0.8765173356670911
75.71800458803654
0.3670785533055394
0.6940721767499275
7
167.2461886441012
0.9734656310629738
695.7673467810931
0.3153093357538885
220.11670562863478
0.3098860160043235
0
0
135.01583765816557
0.3011133725786632
95.08701007728539
0.29662745996417983
83.60177828445596
0.9439695912749755
0.6257797596423079
7
165.4439269999122
0.9812130274257495
665.5796992629258
0.26660906538143997
219.82480667666343
0.27856518922501905
0
0
132.32918022596942
0.2482584736935366
94.41741467923954
0.28463880344224435
82.72857447311401
0.9657232741881868
0.6870593094967862
6
164.46475992280872
0.9788745558811357
624.1048480122521
0.22503825257997587
223.02829556423643
0.24857002464951922
0
0
94.57724532056285
0.24068825307698097
82.22690879383251
0.9425044998020448
0.6369441908917578
3
162.97997544215312
0.9408419616713859
0
0
81.41354186416494
0.825391381104882
0.5493259973095528
3
159.22276087063682
0.8983508044634325
0
0
79.40459530964613
0.7599585137235934
0.45377329013792755
3
155.14270098879908
0.9137853866977083
0
0
77.30431789832103
0.8033507841946546
0.2812365235155041
3
153.0341481551336
0.7946266427645617
0
0
75.63937930873831
0.561224913512196
0.20908346095130503
3
143.9986257519759
0.6230085705989266
0
0
82.07530790359284
0.2308184230454844
0.12322417164124418
2
143.77084212312653
0.42069814939448835
0
0
0.05902000354859484
3
165.29043703186468
0.4366921440608062
0
0
82.94643627514456
0.5013123253449597
0.06651197189350433
6
164.45660632055666
0.6896582819355909
324.64302693873617
0.47949666881742203
316.1033414681376
0.4821159428794341
0
0
110.55138509781892
0.3867516437006664
83.06442898217918
0.40469125034602343
0.07581853889690983
5
166.16301893962626
0.6819718241616235
342.5079351129117
0.6368482702084046
0
0
113.549027441476
0.43246777728379715
83.9491447023627
0.39115283761033676
0.0624288285735717
6
0
0
358.606988573239
0.36098835830823883
349.53248201025184
0.361205451852438
165.37197914266108
0.4166154894502945
118.63556265531986
0.4187141864917095
89.45188873808496
0.4554076540154615
0.06135035555014464
14
0
0
372.0807203118484
0.3255993993310876
357.35916037905815
0.33507361849671286
344.9099591382282
0.3280688028120965
331.33029773411533
0.311215574352763
318.1170798261502
0.2942846175084147
162.84753647672332
0.3906621169194873
118.14120740056856
0.23348479325068858
116.59868946553598
0.2573688785104678
115.05734893989653
0.2639769366398894
113.50570050743815
0.25437593893120214
112.0842602977484
0.22542983183969148
88.44613769209934
0.46545477831640003
87.80496640290672
0.47049355976699636
0.04878586659399229
15
0
0
9404.554188902732
0.874904443360951
4422.226688923327
0.6697570226982922
180.93181297932915
0.25354461158628094
177.21302273394858
0.2787460781591338
173.27522314504822
0.3089968804196029
169.8425854941236
0.32788259084201393
166.47262874655345
0.3284611059199339
163.3904676298394
0.2996570260890383
84.17905522407015
0.3572566561868758
88.5262211312012
0.25164052395389497
87.57273339722731
0.3049071212238171
86.64285239765066
0.3580278095848438
85.75615144283103
0.4008024278119361
84.90468683711586
0.40087439729063945
0.06725041115662894
11
0
0
10244.524148446082
0.8882014256284354
184.78275635575477
0.22932491407430672
181.0034305159463
0.25784736426031224
172.7651753308526
0.33795350315392725
169.60284141948932
0.37871768042242704
166.44141981206366
0.3986858710440713
163.67378444939052
0.37194114178173093
93.71441040323266
0.3218516865563346
92.77660828267146
0.2959121277893725
91.72102082838649
0.2328070463437162
0.03185506663209235
7
0
0
9974.343905078971
0.8927109342030045
160.7601161888247
0.3808383866125186
157.70143883913278
0.37580864436658373
95.2596799861165
0.2574584821698731
76.81669662206052
0.3802263777890078
76.45245548345773
0.38167972946037504
0.03745804869771712
5
0
0
342.93260410624833
0.4653040289810279
163.8156398119446
0.408148675932071
79.50320544780978
0.2803356750611455
78.85294006233539
0.27498114062890144
0.044754297904402385
2
0
0
159.22888075212813
0.3001719221679298
0.2726617885134454
2
0
0
203.23579974521348
0.549235868853419
0.5288844951718936
4
168.70153573639524
0.6933960232466864
0
0
92.28759434190415
0.2678713378475792
84.51501718169837
0.4282119376784989
0.5790793818651023
3
168.5241135955025
0.9656853114389434
0
0
84.27547653435563
0.9157517976280091
0.6324900751884985
5
168.39556335164488
0.9874393001666539
336.1772870784011
0.26908634544338994
0
0
112.08505831187485
0.2702164066364568
84.20654342271637
0.9706304864916874
0.6939198904052549
5
168.4616737619874
0.9841604471740999
336.88019120911144
0.34436539574941005
0
0
112.28942461196249
0.3351493974229648
84.22030691909559
0.9579475864292379
0.6452476583923256
6
167.48913339260238
0.9848261788200616
335.55794824435026
0.3631470512137202
0
0
135.12519043902844
0.22796453060030933
111.85236674237083
0.3560806204753683
83.7296334091095
0.9650964017434521
0.598106800461035
9
166.21843714221075
0.9963396411652977
688.1426041819345
0.25142911652207756
333.1439512026506
0.3513008676283969
219.3790775844052
0.24243076428664842
0
0
133.95992749805094
0.26285435280916547
111.06240788524357
0.3511652732317989
94.60941919525158
0.2258180936678776
83.11206329380123
0.9939969721971033
0.5717581636517576
9
165.82205208623483
0.9992802965775891
681.8005029056338
0.25615726382198645
331.9105791749297
0.3182160800351465
219.1450129137295
0.24833915055264977
0
0
133.40264939591196
0.27024425985258527
110.62855099476151
0.3249279034172342
94.41178644330309
0.24335119109802303
82.90766456208445
0.986813730030842
0.6038436412344479
9
165.92882782543455
0.9954984910605856
681.931679001613
0.2717002486245501
332.26169421717185
0.3173497788839497
219.23338974782754
0.2655220086260773
0
0
133.44272071603606
0.27654992535137085
110.73934672216892
0.31565317401309356
94.43443971698972
0.2566323565461411
82.95755451000827
0.9848906470237948
0.6130618776664212
9
165.86414189762726
0.9965073949545402
683.0012011442259
0.2780800854245999
331.65240482033954
0.33221469928411823
218.71924670419207
0.27711750141562336
0
0
133.32198438331773
0.2779363991957929
110.55089425135127
0.3310051435244369
94.2769346878435
0.2747477709578318
82.92718497061762
0.9921180135548888
0.6854550705079295
9
165.61955497546703
0.9949741676392433
681.4758288853918
0.2753443815059283
330.8756550100527
0.34875779228751186
218.40230895651703
0.2754361066935112
0
0
133.10489265531515
0.2760460861272127
110.29676502697423
0.34482284649421396
94.11951485445668
0.2757812839962433
82.79837620433366
0.9841837388081925
0.6413540808667702
9
164.57395902642975
0.986363881791097
677.7339097978866
0.2805430294571789
329.1906606789864
0.33613096375254914
217.29434644961884
0.2715288371878628
0
0
132.41660993227885
0.2789841128726469
109.7419365434464
0.32581524624972036
93.62710300524262
0.2511304712238644
82.27359515196113
0.9582465143424928
0.5693671734312439
7
163.11645813284977
0.9922046237635462
678.8964390188654
0.22597904977027833
326.1527167569782
0.28866521474671275
215.0477191525759
0.22635084223388635
0
0
108.67798164886689
0.2788845860561121
81.5454885238519
0.9833518771299517
0.5724761583410107
4
161.92798058173332
0.9840207552826071
323.1410061061843
0.22895490124704618
0
0
80.94058073766165
0.9497067580782773
0.5662229239348127
3
160.65684640093988
0.9895507461240936
0
0
80.31443867800354
0.9721816927524661
0.5789615519761026
3
160.03231118260416
0.9910655913288109
0
0
80.00320610561948
0.9792374464921682
0.5401478804001187
3
159.9067121669667
0.9922421898959917
0
0
79.93479777166292
0.9769076129335104
0.5525011759669465
3
158.87042526605376
0.9904871158430706
0
0
79.40702231697868
0.9712535375598649
0.5743161625727443
3
157.46613347677618
0.992214809722633
0
0
78.71856770478047
0.9799847600701517
0.5702406696209401
3
155.79504741388007
0.9854118726248796
0
0
77.87502201415498
0.9582598785644432
0.5516604290804738
3
153.43628074935626
0.9770607208311443
0
0
76.68966973589184
0.9292025748058047
0.4720615572407834
3
150.16790026246076
0.9668230690625533
0
0
75.05596779578433
0.9154594037187036
0.45274767113843656
2
146.3698091106298
0.961658594786371
0
0
0.4239924419400336
2
142.77096764097521
0.957804987706162
0
0
0.4080314317542962
2
139.7903011416134
0.938513697191806
0
0
0.4397317703437241
2
136.89351012208627
0.8901178615947103
0
0
0.29042333350587907
2
133.23477779422913
0.9071640327519145
0
0
0.2559271175947047
2
129.98576794144844
0.9145579120901963
0
0
0.26226616072362363
2
128.78913361135298
0.8565889451424146
0
0
0.21044970815125788
2
124.48912480799264
0.9218934441341792
0
0
0.19529558818240855
2
122.88919310453142
0.8948556360140079
0
0
0.15535363971106694
2
123.79564059793375
0.6940583035856036
0
0
0.13992547325071678
4
116.1596457709147
0.7587108803124326
131.32129676885307
0.44904427115617246
0
0
101.43152432702993
0.45380153586987027
0.11795365633025418
4
118.20121542966626
0.7315415676209417
1008.8136917851006
0.4218259491686619
0
0
102.4782894460376
0.46707650966859293
0.11414149584931935
2
116.9253859252896
0.8191812825903975
0
0
0.11191747361780569
2
113.60583382163982
0.812930732615637
0
0
0.09397659584472703
2
109.30527909443663
0.8965532464497952
0
0
0.08297852487919928
2
107.487431478018
0.8377766747015827
0
0
0.08086568899873965
2
102.82491920140674
0.7391307085270461
0
0
0.06703570616467587
3
0
0
119.7734274525684
0.40111688075405716
104.14288619771804
0.47367309005533004
0.052777261885734034
2
0
0
121.10971089714246
0.5476573719936021
0.047445268981385035
1
0
0
0.043339097292078674
2
0
0
142.8044928278058
0.3407607447636761
0.03207454635322691
2
0
0
131.7991244306576
0.5629807479632217
0.03198470930742639
2
0
0
122.93991889022647
0.8536709605788647
0.04147297546562517
2
0
0
117.96058107324919
0.6538849310379948
0.027171516513729267
2
0
0
110.36140895879734
0.529114348184757
0.02047570254488667
3
0
0
103.28256665095634
0.45902478127944524
79.666021538295
0.2697387748561077
0.014648432749430994
2
0
0
122.55143431578017
0.2797093631461112
0.012303200671526038
2
0
0
127.65833414105938
0.3758021071179703
0.011449064688979922
1
0
0
0.011149577927076718
3
0
0
116.67192216687894
0.24883481273472713
79.83846979529808
0.45490015452719407
0.011235698816360837
1
0
0
0.008822097770618275
3
0
0
486.51369929291235
0.24431457572813867
297.5681245401908
0.44680517855613905
0.012226476835221186
1
0
0
0.009979167207893533
2
0
0
327.3484161416876
0.32675986464131745
0.008930788914166134
2
0
0
289.79450617936845
0.3560615174189582
0.010197663950935026
2
0
0
277.35716077922814
0.23481717123594542
0.01420808249696887
1
0
0
0.013772159308705447
3
0
0
199.70017222509938
0.6363010768096746
100.77383848978329
0.6195669573311908
0.05863710357587954
3
0
0
4097.414786409996
0.6370151783136677
1986.7404496261818
0.3056310989963526
0.1553419557869388
4
0
0
4050.6325284702443
0.6200651965764709
2005.0367707350397
0.31461585556481153
420.8468595711749
0.26058045799798013
0.12177024635986751
12
0
0
4686.083080827255
0.7042503807466862
2064.9560535904398
0.37937948321744586
461.88822258604
0.3218020570533862
430.95308921631215
0.3284299157899435
420.2248519297819
0.32934659315189696
147.34592433943573
0.321094420851951
142.60753483384468
0.2379393344132471
110.58998253761192
0.23760364084727056
107.55872739502018
0.29333844661242886
104.69014627515155
0.32774223334609204
102.16965280065402
0.27257227260595684
0.073240347287624
10
0
0
4688.943098383959
0.6358332119380633
2016.5848670117962
0.3606416251869912
455.08529863627786
0.3474305172588816
418.48085990204794
0.35754585879547074
367.7342701790916
0.23768448501025322
104.83215234302884
0.4221535880724354
83.88707796678213
0.3660685788371268
82.355619805613
0.2491910467981996
80.45972048249243
0.2291337048212126
0.08021687466831179
11
0
0
5038.467246249952
0.45672352291857277
1657.9788033609345
0.23095213012569207
1346.6678511448406
0.30731326186631247
434.7966308224019
0.23455560998739117
352.7556107347007
0.26090266748066976
332.9602475599288
0.29294488958804554
169.81089850104934
0.3693052267652262
112.22973466451528
0.23983539162648979
88.28821489418354
0.2553469570826283
84.53845890296836
0.2522066315156745
0.06853079040587182
7
0
0
4879.920461591639
0.4452066060801784
1321.5484575388596
0.3615121179972005
181.67265088649518
0.261785941253482
179.29002680105754
0.2557396373128056
175.88536535782333
0.2395595911688433
164.98475023207865
0.2848240819072101
0.04602365886418146
3
0
0
1287.6675648189917
0.4411581947992937
179.95031358998457
0.3002077856668323
0.03831112162352498
7
0
0
1270.565649112859
0.537774747922043
625.9376224445895
0.2905959632686075
424.45465913656346
0.26975997885500086
212.2354653670472
0.2564555864297441
181.50353734278588
0.24234113158056345
140.49681502100088
0.22952251856661063
0.08862811363901936
2
179.34586470083264
0.638558394358005
0
0
0.35806166015672
3
184.49684782172113
0.8209336909011099
0
0
91.40759756497074
0.5324344521841875
0.5532615238815334
3
179.8359511603078
0.9361128407426695
0
0
90.01843280090303
0.8347647116929133
0.6397754743804239
3
178.6942459001968
0.9870124236112655
0
0
89.35626414521485
0.9573758233646281
0.6766635553525728
3
178.46984441476326
0.9933398712750501
0
0
89.23515687701658
0.9796441544120192
0.6621582384471783
3
176.42330400349394
0.9948591059101373
0
0
88.21557522582732
0.9850262553640979
0.6602243533594404
3
173.96959257378356
0.9965250371145003
0
0
86.9684734282806
0.9927242837487428
0.6657975184463125
5
172.31955951638497
0.99887961381643
345.088452861267
0.2854738348630545
0
0
115.05804732586346
0.2879003605708474
86.16319838385068
0.9981871668395996
0.7047734542618234
5
171.64039366335933
0.991464093905347
344.5469278046764
0.425880594370446
0
0
114.88435290484563
0.42141435904826413
85.8201123753634
0.9704286078793079
0.6966962486740601
5
169.45445396828174
0.9816157654294392
341.0025465744365
0.49805144891648573
0
0
113.6961255983207
0.482917648190596
84.71745740798431
0.9371317951256379
0.5887428268532945
5
165.78199202551244
0.9824263074594737
333.5629735589526
0.45495405276391604
0
0
111.10784970973539
0.435701653045955
82.84069580601357
0.947638348692533
0.5487327342014604
5
162.0411160871608
0.9900388919875851
324.6403102680946
0.38984535944271914
0
0
108.12088136444243
0.3867200629071244
80.99801826843147
0.9822380450783173
0.5319631479583631
5
158.64064838520372
0.9469384371427638
317.0356707331786
0.35377525696265294
0
0
105.6002859302683
0.2950806611733684
79.23458736484189
0.8299259824855376
0.386099309724728
3
154.51777792769045
0.9331042218505149
0
0
76.96073484101608
0.8118860658255704
0.27139038650558184
3
152.3614745019074
0.936655663313545
0
0
75.37571264450612
0.8830378235226257
0.2626843320270035
2
147.3948628235233
0.9401438204757413
0
0
0.22456379778927044
2
145.215887112214
0.9487346957204689
0
0
0.24932484887640607
2
144.56627313689106
0.9402636403293874
0
0
0.23733285311951444
2
143.32490339378305
0.9576783600452953
0
0
0.3029395351387413
2
144.38346449654236
0.9665461187759022
0
0
0.328331662622901
2
144.83225332848667
0.9781774629863659
0
0
0.34130054220684464
2
144.39915227850128
0.984426194926367
0
0
0.3112991851624221
2
143.1373703595738
0.9883612272108802
0
0
0.2946666208176774
2
141.1866411436383
0.9805201426133833
0
0
0.31907029018570804
2
139.54636455966283
0.9466550928230844
0
0
0.22966952566642615
2
136.89620193243567
0.9370303024068434
0
0
0.2434913426443864
2
134.76358488382093
0.9829042711353371
0
0
0.1968934460219731
2
135.11690427298143
0.9764382984305892
0
0
0.21492522482829376
2
135.7637867233883
0.9661358806446526
0
0
0.19434825960695315
2
135.42091535708278
0.9847411039931372
0
0
0.18471093097676258
2
134.59645431839527
0.9767388547839599
0
0
0.1719315215593005
2
133.50869256672758
0.9928244510470445
0
0
0.1850212564096807
2
133.90451274676445
0.9796086726420635
0
0
0.17219695451837608
2
134.09760227913156
0.9812910841000857
0
0
0.1550899138199812
2
133.5127742783059
0.9893569210300204
0
0
0.16562659114377906
2
131.88336076022483
0.9801189038282885
0
0
0.14244941922893425
2
131.71910903695743
0.9783995308195375
0
0
0.14688634938383202
2
131.9934651898782
0.9771619313002568
0
0
0.14984802745070397
2
133.02764437647514
0.9826276982706554
0
0
0.16203024139119032
2
135.106814828529
0.9857465062554869
0
0
0.1601572392946599
2
137.18143165576
0.979070315516732
0
0
0.20574694957083908
3
139.38055529049493
0.9879270629711022
9133.051942129305
0.973895283328132
0
0
0.23234162461740698
4
140.68924729655095
0.9766694003922395
277.1218327309946
0.24983596766387495
0
0
92.8990307685203
0.2253514206917648
0.2570924793170593
4
142.70657110473059
0.9821360962361596
286.714557429393
0.2831955017793755
0
0
95.2716462162045
0.2830478093458012
0.2974412501647278
4
144.47672178665968
0.9828384870909221
292.8781798532752
0.29448503456512226
0
0
96.90970350162651
0.3093564155863496
0.32173407849437347
4
146.62164478573
0.989698746418638
292.27560639372984
0.2971150334241128
0
0
97.44952407286397
0.2894132876078794
0.37019756512516466
4
148.3496388384426
0.9858577204427971
299.33081350670005
0.2273379875010604
0
0
99.71801386560601
0.23398381247639793
0.35428730748386666
3
150.62764108550996
0.9923407913585508
0
0
75.31570122411856
0.9941052243236088
0.415961884117376
4
153.23780199265522
0.9848807767685553
306.80065306628376
0.2338496316506975
0
0
76.5739678121458
0.9545030548908315
0.4166101280167249
5
155.8242343992386
0.9955800298611143
313.30569243546995
0.2527873093909987
0
0
104.40918419901928
0.25719376948656425
77.90518289447773
0.9964561356838918
0.41963234985549225
5
156.2154364485685
0.9977461856523935
313.2261623920757
0.33699208521638685
0
0
104.47174621160589
0.33893332098243406
78.12128836919706
0.9955692678652099
0.5321650381233132
5
155.5945522333926
0.9816210701813293
310.83688821152924
0.44320063041655416
0
0
103.61440784107936
0.4129917913763387
77.81047257381437
0.9290133052975335
0.5056832328782426
5
154.91934420094674
0.9611333461386065
309.45744359706475
0.39795138101558963
0
0
103.08870815836093
0.3440314681224952
77.40437580691041
0.8531650871824186
0.3607565600384414
3
152.2993669836131
0.926740592504188
0
0
75.69668622096152
0.777632178428944
0.2814589113897722
2
146.99876607878934
0.970912087327707
0
0
0.2043456189068756
2
145.29451919468576
0.9604104065053172
0
0
0.14209484900991143
2
142.37432937569238
0.9231407045130458
0
0
0.14316307972831166
4
144.5569685030835
0.9196971622434785
290.82719049704684
0.4454202255821399
0
0
96.81267227974233
0.35744420568232566
0.14051319890096697
4
146.25442919036777
0.9138774057425355
292.45049161635785
0.7071061232870372
0
0
97.70449505578381
0.6000418904811611
0.09506388538511304
5
149.7390012336253
0.858541265922748
298.45256340423504
0.5594297778716967
0
0
100.02726770108531
0.47141542397841496
75.14800215524963
0.5940612712421345
0.04964030083801256
4
154.82838106553916
0.8343906477896579
0
0
106.19717908455671
0.437264068874476
77.83892066682449
0.6745877632969215
0.055071140512621616
5
159.66505130007096
0.6892006931510907
325.5557384317998
0.38248203876813963
0
0
107.85739745419589
0.6256227307110267
79.72509656922051
0.3204753592608529
0.05891941631266174
4
155.49770068708224
0.4970087174397144
309.1315836176651
0.37087605330591844
0
0
104.39680625982885
0.5943986196389248
0.05860543754203105
4
148.4852602535421
0.7259874650008589
294.51869552296364
0.5732388424596939
0
0
99.46922534209466
0.6962953102547539
0.0527941425457633
4
149.59340748977974
0.7152710800021771
293.8160099597414
0.51602513136319
0
0
99.10642744533091
0.6737160829090713
0.041321043392680896
4
0
0
287.9821698265937
0.36218735216734366
150.97247923834652
0.4492059269758319
97.4597851978003
0.6530262927478036
0.03187366206190614
6
0
0
1969.187230868597
0.6784854021019009
151.60699848105932
0.30183924493266623
148.52943220554485
0.31144891481080134
143.47363160456504
0.28826495041773187
140.34267003573356
0.2530242023017853
0.04346532818495943
15
155.21980997240289
0.5089764833729855
4044.6823181793357
0.7967287537415542
1898.6995177198987
0.7148115683005799
1315.6872322941697
0.5293257531714647
940.95387881889
0.3616646565339084
123.92717046485778
0.37218178602198415
168.77289979303262
0.40320840119494045
161.6178707450027
0.458883153088987
0
0
149.16573246801227
0.4936567268606566
143.21982879294367
0.4795872392689334
139.6056318089881
0.43125464276281766
137.47083979457656
0.4284124204773214
133.00380677098326
0.41455809595934234
129.35032425790953
0.36988309210952536
0.06211868254796439
8
154.91044604260986
0.8054985243028809
4751.791419289654
0.9294616950596522
2006.4180446815328
0.8369959717275481
0
0
151.90354570815884
0.8019435792371901
150.22814646502252
0.8019697880195709
76.5091422821305
0.5415470889186456
75.12349079392402
0.5755100985790873
0.13489879935840948
3
159.17599457643942
0.8568150306746397
0
0
78.55684050290681
0.6427094727424342
0.1747378221152158
3
152.77608815472303
0.9021289343256584
0
0
76.38139694221516
0.7431022247577453
0.22199795691621785
2
148.77136113736555
0.9814489419825151
0
0
0.2393395833824649
2
147.9044280225605
0.9871619190796939
0
0
0.25193981846989266
2
147.3821571965173
0.9931862834371589
0
0
0.26163463450573954
2
147.27654053059283
0.9976295756258237
0
0
0.25988277104931495
2
146.44157662283263
0.989926180683575
0
0
0.2527750838215276
2
145.3964045033778
0.9959385094697432
0
0
0.2526818118439856
2
144.3850076947628
0.9925858265927782
0
0
0.2640305099461364
2
142.9439664149503
0.9875641415193055
0
0
0.2345914254085844
4
140.70243029180594
0.9747501998563165
283.5770223228185
0.344795100233261
0
0
94.52566015558975
0.3395292279456956
0.18544745349831188
4
138.23866179835596
0.9361679745574163
279.42144936844664
0.41721633891974436
0
0
93.14655812697681
0.3443395521421209
0.13291646162624568
2
134.23784683944217
0.8176238684719485
0
0
0.06847897674072645
2
126.6077716529715
0.73430101808652
0
0
0.06660611807920679
3
140.33063973090736
0.6160986936003827
0
0
99.7838116371725
0.29923312006857167
0.03741001581524114
4
145.05910010553495
0.7584314144953246
288.628866773469
0.4720652729667616
0
0
98.2575996581473
0.39303027042567257
0.05631718316880159
4
139.59802716944458
0.8187077281994825
276.178018946184
0.75296775491783
0
0
92.52371328016434
0.5392101586779635
0.04583400119267035
4
141.35908313456278
0.7935698264085007
282.0997840607689
0.734032802773094
0
0
94.66888357577975
0.48699959434373813
0.019654007924951884
4
0
0
292.9284077646707
0.7240290827836178
146.0748369481143
0.820263639148525
98.55442410010058
0.6786804754534056
0.021594465296705393
4
0
0
287.3985761358595
0.7994674406222628
142.9356488211525
0.7638582874294285
95.9176923407425
0.5760045626512343
0.013029973041338743
4
0
0
284.1987283045525
0.5019570482805983
142.42780148094047
0.5086388255013434
97.84073469740575
0.30015960898155447
0.01276974047645113
2
0
0
143.92406331500305
0.3664706010271402
0.01343833753406109
3
0
0
141.91473172714606
0.7462350316831289
97.66973113722754
0.29276970383405926
0.014891829750422235
15
0
0
9057.40443106729
0.8540318537622971
4640.880853371035
0.7670666582617746
3210.9172101960035
0.6786774943010588
2443.786285667115
0.6187734212484001
1982.5732728773612
0.5218968178137261
1621.0381519507882
0.39087574181793944
1370.622093554973
0.28904196247154573
333.65135821152774
0.24753153764022323
323.29652326225994
0.2595587308140591
312.2946732256944
0.2559643415462975
139.08940957290477
0.3189385620916473
137.11753898504637
0.31573744512433377
147.2327929828813
0.28248703211537735
141.36414469739998
0.32472105920628713
0.08619311738997595
15
0
0
8510.83031130493
0.7563504599537058
4246.982574769633
0.601699366747906
2739.4698669047807
0.42535429605332076
2023.7475516391946
0.3907591265274929
1629.4445586772006
0.27234112281997525
1369.9703583336025
0.23913948643756652
407.06956994763755
0.23050281807618755
390.27103588745405
0.26665905375458804
372.9761898214315
0.2597193590609501
357.4290375542476
0.31887335376034953
342.57262704266606
0.28393300017281753
329.2733731351593
0.2842323795512508
187.27980825530474
0.25245811803574514
182.83054134956282
0.2503567919108945
0.07894220957210557
14
183.00672861301686
0.6039883218883435
8577.723117751017
0.9378773239903794
4282.302391667739
0.8836581160480995
2820.692756658854
0.7930025863982109
2062.135268813539
0.7261840976326747
1668.1959416464567
0.6316119919632914
1390.728559773925
0.5540959127663264
1048.4387434947957
0.32337921859029745
186.75858600019603
0.603925179302462
0
0
88.5546842015861
0.3243808442578555
84.86885750854766
0.27125264913141894
84.01313069012403
0.2647645056315982
83.22632862936256
0.2531190013434536
0.29274938264573325
3
175.5820354385058
0.715232284818827
0
0
86.31933496717444
0.3683087759630084
0.3741041399372102
3
165.17407915272256
0.8512366407428722
0
0
82.59703950698065
0.6466582688934743
0.49955297015416944
3
161.5120045006113
0.94804870124427
0
0
80.7363960618845
0.8481274171133422
0.42795950178562003
3
158.08672811122057
0.9481782343374414
0
0
79.03491325512364
0.8651680908733471
0.3604295355215176
3
155.30741840161033
0.9751367858131588
0
0
77.61159008269713
0.9461471578477618
0.38869579426138184
3
153.587050638257
0.9815886427397504
0
0
76.78188038082242
0.9534177982125942
0.4113592542599982
3
152.21690495167104
0.982236385665151
0
0
76.1055523550191
0.9542242363188969
0.36591363174964
3
151.2677063495137
0.9916710880697038
0
0
75.60358112920284
0.9914160250550232
0.3431480682226667
3
150.61766203858141
0.9916007138585377
0
0
75.28969942314512
0.9887385749287683
0.3418020000582758
2
149.32508600027631
0.9802842941155702
0
0
0.37041206351220296
2
148.20540934384354
0.9826711854914924
0
0
0.3315415557977333
3
145.85137672555857
0.8843390822975478
0
0
124.96923152008249
0.22944722030097411
0.3156432246512995
2
139.23001540233645
0.8028335849459797
0
0
0.2912654150495294
2
137.55369023392146
0.5735427543571069
0
0
0.0768249468598762
2
0
0
832.0945923636547
0.28586214915968394
0.08035618260017108
3
0
0
146.9436496856544
0.6107663737543883
119.1382175532293
0.29548415854993715
0.047172848625106456
5
0
0
146.3139182686707
0.37646591345491764
130.43635557140598
0.24028766081954192
122.79031236193443
0.2686266832424831
75.66523365002479
0.4453394043166555
0.062384044237197116
5
0
0
280.75793819144724
0.23063956690365522
129.04195614326218
0.5464695653570891
127.83937165049913
0.5463967887460826
87.04510702884414
0.27727810786887885
0.058134901016249664
4
0
0
289.8246159360624
0.2800063309155239
145.4180587534491
0.6434802606464862
143.4204074463108
0.6375461259343168
0.03353365852399141
5
0
0
295.17022668063714
0.3778298948148741
148.01837643760865
0.785403262691761
98.58207394349844
0.46022674464030977
97.8891282909571
0.45989923082508233
0.03713263956830774
5
0
0
302.99772646160295
0.5935332435134033
293.2763779979862
0.5914237208048712
147.2262299973816
0.6336491812550555
98.81688631228413
0.49297803505865734
0.03377633538103825
13
0
0
9390.384103419416
0.8915864120863094
343.5371364778679
0.2803839053010148
327.7730343310685
0.28796194669024305
292.56211514225976
0.2410268830135127
275.38033310815166
0.24928003877540625
263.5256759688441
0.27540395139807217
252.0782083382899
0.27562398719318
153.4669598952207
0.32327771443825276
150.5126965420612
0.32893568833880843
100.70224229380162
0.23053602452244515
99.53253592061206
0.23261922187575956
77.36602072631608
0.5089891954687583
0.03486097752932263
8
0
0
9804.746829090689
0.8682801926666312
249.01227745927656
0.3200582251177093
242.3552405813801
0.3467882245780433
148.93530154993715
0.30012012403520344
120.0796255274131
0.24066047154655693
80.92854317588086
0.25524593052107053
80.19385679178922
0.24778657817041905
0.02871376461842514
5
0
0
189.88311287161406
0.23488713694672436
186.93365560073724
0.2343274488555274
182.3748333838785
0.24625745347426
83.22653232671377
0.3028653150099467
0.027612890988935598
7
0
0
189.70629675182744
0.24708115378719087
107.34052794226722
0.38975049396589073
105.88014698474474
0.38480946170949676
104.491420554529
0.35490661646350846
100.59528934345673
0.23238340039254365
94.74136587673713
0.2336921708691726
0.020249702673541037
3
0
0
8114.553108001425
0.8615978589885849
1139.8122509850502
0.3081002670634482
0.02126118592011902
4
0
0
151.50169495883637
0.25901833162862786
145.20513627232626
0.2981941203426936
141.62252330290315
0.2850518769814677
0.029979682352580753
2
0
0
166.25644736473834
0.6210494290648844
0.188050138866899
3
166.7152164938291
0.7528456271947347
0
0
84.51416889275339
0.39932269887403593
0.33275566437065296
3
156.27103660810275
0.7818377713569099
0
0
77.71847218963612
0.5551347460750497
0.3182893436818997
3
151.54805146652004
0.9575358359933925
0
0
75.85165733444633
0.9460595731317787
0.29673287377106083
3
150.27187155417084
0.9842163422768192
0
0
75.13798792573986
0.9582738805303522
0.31250940229345847
2
148.5881443233502
0.9884365778751607
0
0
0.29513647352938976
2
147.11712449513368
0.991969200849223
0
0
0.2961832573442323
2
145.90122010489287
0.9844920047577409
0
0
0.2549194257146058
2
144.18182126292922
0.9887046158092977
0
0
0.273149137950901
2
143.41224027209944
0.9897917235293703
0
0
0.27281228142442066
2
142.92245949029183
0.9811866019332469
0
0
0.2307917321097076
2
141.79332175486738
0.9795150072004497
0
0
0.18499415189478985
2
141.00285003790293
0.9827232110874075
0
0
0.17854472544099403
2
139.73866701745806
0.970594181450583
0
0
0.15924991833593077
2
137.85588005016427
0.9587257433767547
0
0
0.10829465434943603
2
135.6373491761826
0.9696640894076853
0
0
0.11345738962091378
2
135.4970440440296
0.9705103265649964
0
0
0.13446405512371515
2
135.05432505843913
0.9255831419172549
0
0
0.12414686449558524
4
134.84297520640249
0.7833183268097482
282.20830135984244
0.23135569415547666
0
0
93.28562432995638
0.30318212254949084
0.05795301030522094
4
0
0
307.781607926963
0.2384500311787308
136.17327296716178
0.47017952191637724
95.10718634863547
0.4374134820725112
0.03288740215418354
3
0
0
143.40450112679585
0.5066339142895378
95.26554000303648
0.455037746169201
0.033070780820521124
4
0
0
262.5034561670732
0.4756654602433778
140.501930978695
0.3922826272703777
93.07436121166748
0.39534242730793834
0.02084070375049434
3
0
0
246.09595517300352
0.48779581229890484
128.97289522733277
0.28781833483067787
0.01119641194968208
4
0
0
269.63384522502395
0.3567922372318279
266.2292593458124
0.35673052722724585
139.8240667962171
0.24685342467327692
0.014022954853421147
3
0
0
295.6666819895416
0.36431037269036204
143.0597494501614
0.6316332945802455
0.012955265950957258
4
0
0
296.0433238557716
0.4818384904392557
142.30191644691948
0.7704174522233364
97.33807762655019
0.39526763593001074
0.010731488641991284
4
0
0
292.2574532394768
0.22902105579053708
267.9062216977266
0.24642878869926152
137.51187701689338
0.6052701172498428
0.007500319654537843
2
0
0
122.55464896657689
0.49899753163168364
0.010185674426344526
2
0
0
121.26121336692772
0.23114715690056525
0.008704006082109975
1
0
0
0.009074578209224839
10
0
0
10339.667660775518
0.9595174791844898
328.2694818748662
0.36649081085163054
316.8213432150933
0.3778353604179562
305.0578398008139
0.3812422964982882
294.7490905994419
0.38281853234976826
284.9586960993
0.3751067981188558
275.3435498634185
0.3609868912596506
266.83058097605925
0.34843143330152065
235.74924557529377
0.2640040455204439
0.009052982684554978
4
0
0
306.17159962407186
0.4259633966250655
137.22105017211055
0.25035936562360295
135.30711864702124
0.2533756568951317
0.011861968565019592
2
0
0
312.6901011878969
0.5479283342961979
0.009411565593451967
2
0
0
308.4453595250232
0.5414914741192338
0.010363961283705848
2
0
0
305.1359593766964
0.42301554443429856
0.012109520431350544
3
0
0
312.9239550050628
0.3098055063536035
226.45322134507254
0.25677161037969454
0.01343960765464154
4
0
0
388.5193133332257
0.37816124302614745
301.8585605161975
0.4248309074239974
243.65040648829194
0.33261039595868536
0.009588261172647015
1
0
0
0.01313146872753617
4
0
0
394.9250177761804
0.25941193399865786
317.72106787602297
0.3340219747184717
107.57305505306705
0.22685209920256333
0.010887456091990249
5
0
0
1373.059744113817
0.3089688834736439
406.26873878819885
0.40212679063897355
312.5124025920826
0.481058178465898
176.41356518998083
0.24319189273939834
0.00995857868651166
3
0
0
179.69539063675265
0.2728940199633218
82.3546587019165
0.24346407350517807
0.010929005981004502
4
0
0
1292.9115119759267
0.2647281061514324
322.96522524625954
0.23859657384473026
155.0865766620824
0.26931839290482323
0.010517164784674522
5
0
0
1309.857465910395
0.438293294661206
636.1927365312814
0.29209031565188937
414.4121073056877
0.3172380417186234
315.5976987597955
0.3438032789303703
0.008783280234749162
6
0
0
1373.0061741378195
0.2964801177524509
417.98877329408845
0.4151335464575827
319.80197474915445
0.23245225623826035
104.16045422397913
0.25735959581159645
78.58862597443982
0.25248399526110804
0.00982770278735728
5
0
0
413.7816072336839
0.309361209849183
321.4327005081394
0.2984513403988849
140.73018069483595
0.24107136409414084
104.81804122572976
0.31167752334495613
0.007932527407460926
3
0
0
312.8366176944269
0.2465348104229239
156.13624444455402
0.31200528034076824
0.006700541115181953
7
0
0
1242.1144460425369
0.41837414647338483
622.6037098661243
0.2822690569345826
416.3194983838499
0.2303100813342952
208.48390580942856
0.28658056130846293
138.4249969636264
0.2934559563370349
104.15185363165257
0.2582496999640754
0.0078069253749833084
7
0
0
1251.891594742049
0.41174306097462976
642.750998891379
0.3531310956563459
416.1612929121529
0.2472528649634186
138.70632952717645
0.2912897716447372
114.2779968254412
0.24324860564513348
78.10440479904241
0.27417008956517525
0.006495444423766365
8
0
0
1225.9507056778743
0.6239090234757901
621.3297826942661
0.5633200479277024
412.4108096144827
0.4735174925049297
307.12627878267
0.3399234781649618
244.85157552155832
0.25475942773379023
174.91762027229547
0.25107770534307466
135.68746873540547
0.24755625144953705
0.007102839071301875
5
0
0
1232.51192012332
0.5444208475331578
624.0782292064191
0.45422115864983426
417.16924955874543
0.4948428260033754
309.14718057886085
0.3554719426747905
0.006219657438040419
6
0
0
1271.727303778694
0.42426141896681796
635.277190338718
0.28792057751838795
124.9990076300455
0.25163542690854585
113.28276074336462
0.2441651100460914
105.8334703155224
0.3086617170941211
0.00880868291166233
8
0
0
1340.5764690238038
0.6949945935613388
639.8506980795958
0.5218947963560956
423.9302443286482
0.374485969016646
315.6988747744052
0.22594339932997268
138.51877517182083
0.33805449466004406
124.70694529763381
0.3562194932534607
114.24401353166417
0.25933640631647853
0.006981362558703282
7
0
0
1284.0219419387045
0.6874175134461901
634.3684614425504
0.5023572653979554
418.4838722080931
0.4046336140528166
310.4846707061967
0.36332657165755067
248.93614115356715
0.29795300918474676
124.3925793336469
0.2537718834743597
0.0062120400927442075
5
0
0
1313.3055105042044
0.41972643589766334
671.4204713666105
0.28622518717250034
427.7238079840459
0.2477274361799347
318.15764333489415
0.26307075693508525
0.00920813215646241
6
0
0
1518.4183204798571
0.4576311328837879
1329.1503411445815
0.46681207135560066
642.9497363173638
0.27132111490578315
421.0307157273274
0.23101294995768237
315.2800120861475
0.38026272212165946
0.0076800291129246676
13
0
0
9262.398317711604
0.8862250332667367
4626.603874588403
0.7207314238222662
1821.0364470640513
0.46478068915584037
1518.4213664357806
0.5050223030020729
1312.4404647744443
0.5314826845953731
1152.711937420757
0.5104549634950478
1020.3141541567012
0.4319273921384802
909.2239590528089
0.3467743847121947
812.1696733427115
0.31724806534776073
638.7093192523588
0.41151687751450616
423.0224042551732
0.2663171009553586
309.50055377341505
0.37193440309416476
0.009779714579953185
13
0
0
9283.326945323122
0.8890704659793779
2974.7446574265946
0.5565269849657868
1320.3626495307585
0.7027017249097759
1162.9144325202549
0.6879727924637701
808.8726761914322
0.41721867865140644
636.3897945151182
0.5593099236789273
501.37331335983356
0.2791503354435745
423.2986012220865
0.5085756502324538
313.65825414104876
0.5240613972894952
255.33581435890633
0.41424128944044325
213.2131559114495
0.28475264507033515
209.20766229440585
0.27790111757031494
0.00916866811147988
15
0
0
8850.566429661136
0.9103816970798625
4396.065104985958
0.7858910928773089
2929.773921422788
0.6796832129224203
2070.279527748887
0.6166466858920763
1583.9008152503632
0.6549546552474131
1346.184038841041
0.6803845242249356
1170.2660428510999
0.6586719547218383
802.5817549788903
0.4636923649422537
725.5858122455099
0.48346012642726205
668.6724828343409
0.5140864783274355
629.464256481907
0.5104039432882701
317.7276615601093
0.5417534361831374
414.90342352941605
0.5138510264193624
328.1033391101374
0.5174605336687721
0.009142883047664812
15
0
0
8692.576885358645
0.9048585436475065
4311.16175988787
0.7938847900389003
2885.9990998745966
0.7016796937453312
2126.2602182349365
0.6255399940309673
1591.659282669575
0.6221776870503138
1342.539717698534
0.6147245620457664
1155.4246855895944
0.5815000735315019
1018.1258214106402
0.5219958258719494
792.0817701554513
0.43006851866768825
725.4864838185328
0.41799869402902734
667.1796332528235
0.3978603370872526
310.3043217991004
0.41371625927628225
420.029247247032
0.3791178514749998
319.59860150074184
0.41372151533656215
0.0047838525281495604
15
0
0
8814.37949281512
0.8684402672369648
4373.1263558116625
0.7147615986117002
2931.6562265603843
0.5812815971983595
2233.3000985133294
0.47521326569695593
1535.047447690551
0.44574187173087243
1311.4737385804074
0.4512997847309244
1142.7116157666028
0.45247068230882015
1016.6311975271727
0.42343805997480194
911.1426442915151
0.36451817494463007
99.7287572138297
0.3744244264018498
100.86806070301031
0.3874847481466603
113.41232118785939
0.39216756201479297
114.9223955782369
0.37568068479750105
111.99771427118321
0.3762890559830621
0.007744479959625139
13
0
0
8907.322983778078
0.8959474281369693
4416.356695728733
0.7757935636850287
3001.3645374147404
0.6718030995685281
2312.6858540150847
0.5870756730514822
1826.1616898353673
0.5529039128589384
1512.4486067680873
0.5527250770650711
1294.9811574782423
0.5361610506839473
1153.3272010269625
0.5289618008640762
822.644811672805
0.37018808938801995
748.6603115530967
0.343063209579477
687.4222147035301
0.30866093024790314
638.7703790129004
0.28036847910455065
0.0046972082246083445
15
0
0
8889.289289964398
0.8907314611085279
4399.557380901209
0.7714381652017885
2987.417561096132
0.6609802893089076
2307.2871129784116
0.567124870715741
1827.7957786486093
0.517196496646998
1528.5104094644169
0.5109967190965086
1335.6323592454917
0.4979499136612002
1160.418519897629
0.5010848261664609
1030.024071964188
0.49329533147305427
924.8190258876158
0.44420769776386976
832.2588393318883
0.38648496623229506
757.2854581474078
0.3337532882072423
152.75089238156787
0.3426917579302664
150.14245457749686
0.3396774658133043
0.005912527411904042
15
0
0
8834.870565009833
0.8716631152145588
4348.069446626424
0.7403812798578372
2931.130438025185
0.6186318072006608
1630.3189701026663
0.4571201839763486
1373.018431380194
0.4305469177752996
1185.0991394189455
0.38253429508133896
1044.5526291062765
0.33545425792210576
249.87607852321807
0.31125754767511044
309.4323899920698
0.3127109925860928
299.8559337330962
0.3274666358645162
290.26310401565496
0.3174604860237174
281.0279468522891
0.3059476324640137
264.85863269787114
0.3017338332883517
257.1626616013289
0.30900377956083236
0.006838049493925245
15
0
0
8714.223042392401
0.9278567636943357
4344.836562108427
0.8461747546697972
2930.709068133215
0.7689496422823249
1672.1135738890007
0.6600304514224968
1395.358864397556
0.6211837479394609
714.2171354531524
0.3934481519716211
239.83044484204586
0.41831401682976627
244.92640811461902
0.42037259904680047
252.07075375361867
0.42505776714103904
233.33340549782665
0.41770037551490763
227.23975929324473
0.40569072205209306
277.2209208891728
0.401893744193327
269.34563667445826
0.4168874366552335
260.8765657804919
0.4250666333479114
0.007443774976943302
15
0
0
8608.801941820486
0.9457256914046945
4283.894708941759
0.8875937460040146
2902.098163220565
0.8292938767353685
1376.291259827945
0.6719584168184357
1160.6684739558689
0.630550126029199
1004.9391133099786
0.5959482234263014
894.122133025482
0.5583176732504764
808.4474344115234
0.527686432781075
741.2338222361793
0.4832718056586353
359.1063045734799
0.4555197835911146
318.07220855278626
0.46537458515840485
376.65597509403756
0.4542218235382532
343.3253038520145
0.46356362448145405
330.82857895001285
0.4663637266507298
0.008500634948037445
5
0
0
8637.373208544135
0.9421704926032503
4318.042997403683
0.8832789274202796
299.2776480154576
0.5107717073504762
290.4809606760504
0.5040717364306747
0.006563628697215694
12
0
0
8884.206880544223
0.9393104078659835
4473.366122074716
0.8739394016946871
309.00208006775665
0.39058039866867617
299.66489346160506
0.40137043600582534
289.51687088913366
0.3932594697427366
80.98969052714158
0.3134218072964324
80.27808144373151
0.3315790226998449
79.60173402824698
0.33561055141576285
78.97256844015959
0.3251769409349633
78.27347096117565
0.3123045150221629
77.6124154930446
0.29435003167785573
0.006177916260528075
12
0
0
8949.954781212404
0.9178060327854557
4367.537687791034
0.8481747851142307
3020.588883432147
0.7855786164044826
1178.9033918750806
0.46398714843437244
1033.2696783626159
0.4005188896428754
366.9840584265098
0.384071380694676
352.2373965940068
0.4365560298348184
338.5277904141748
0.48344362003614383
324.8619396670773
0.5143420183637836
312.5357015360199
0.5234440884463447
301.3285287673409
0.5103933091181596
0.005699241864206343
12
0
0
9023.078273611345
0.9401500902273182
4520.1625955856325
0.8809359858772476
552.6984447241615
0.3181727164349609
514.433143259103
0.3249892634063018
485.09033538294403
0.3346806439364779
373.04394366127866
0.4541471675404282
354.21732498352236
0.4698689933541693
339.87059307699445
0.48507300216716176
326.83402271272064
0.4899634569659593
315.20938308763704
0.48427760790885077
304.88573787909417
0.47604096824238135
0.0052777591725293995
15
0
0
8735.619388776142
0.9202617691353626
4363.360613235444
0.853406645545228
779.7835603175198
0.3100142845567779
715.4630566992432
0.2664778457142857
276.5347917901866
0.28983110760809594
407.5350213575248
0.29956905802388667
390.2949618817046
0.3342724333240322
371.62848526745734
0.3463392033597467
354.1800278754244
0.3660035829349541
340.52921128535405
0.37383023796142817
327.3128396259808
0.37487001285901317
314.13657214039955
0.3705429287267107
303.31068798143616
0.367101446065475
293.40636650605506
0.34810893191783865
0.005713355628535946
15
0
0
9094.624409655307
0.9655631649174533
4448.5466848866745
0.9400750175815207
780.4704066719694
0.7288351082183789
713.5451232139171
0.7088268400330524
655.7189041058684
0.690656354742972
613.1364581559278
0.678537180976445
566.9076616958213
0.669832366087483
527.6847818414235
0.6650749714119913
460.10597637947416
0.6504636415392002
434.0290963824681
0.649109897954908
421.20679571250463
0.6499315689594966
391.03438230656144
0.6421176572762507
371.4198660566769
0.6348085492345492
355.0038033585034
0.6271062706052116
0.0060200554312204845
9
0
0
9383.941952149165
0.9759136293399526
4477.51244217218
0.955819329426194
3062.0311913449414
0.9360773846296445
529.2805516963917
0.7247361797602809
495.68046389138345
0.719047228334096
465.1893183277462
0.7134011689279748
440.4628691672659
0.7118734571748121
420.6901487411957
0.7103256230012109
0.005536211002962339
11
0
0
9542.644758436385
0.963568125159486
4510.568441775481
0.9312723735480347
3047.592523773484
0.8982622659940912
2238.3562437638184
0.8730227961564294
490.24325817872324
0.6258689450472902
462.16701624757945
0.6255530743949043
439.49100022421214
0.6285338696145125
420.7143443249271
0.6239339752559235
223.28196257355185
0.31397642192247305
217.3748565433732
0.29611566252374844
0.008732900407565872
7
0
0
2227.465850613738
0.5138250659480872
1222.7527847353624
0.6839528078392921
620.7443623359959
0.5006193368520653
416.5249193219257
0.45343692476320696
307.6452043355521
0.4005624496672476
248.05186847575504
0.3358102936601372
0.008834486711223902
13
0
0
5000.626934834125
0.5409639683294727
1171.9650528864609
0.6112510006886969
941.3557979102035
0.32089794855063986
636.3749208525105
0.46523558497300943
569.7103630853143
0.39374071006672257
448.0578802383342
0.23729765889425253
411.3751282602451
0.45371706012441254
379.293202501141
0.386511184328406
320.0368677670909
0.25910091589456336
302.5346894762996
0.3670350239445548
286.11748744690306
0.2864688512704329
239.003633132072
0.23507533925094573
0.014620397133755353
13
0
0
4615.5434449781105
0.45082903579070427
1165.7561010111808
0.5398212173339504
937.1860164713636
0.3347181171059912
633.3143177534754
0.4700973109669812
559.9215146411051
0.47036600869070017
380.4115349330543
0.44947933139660856
294.8077922281002
0.361960083517185
237.39140086101946
0.3567758276951369
226.79265680590274
0.3351738389806988
195.14214895270328
0.2847910608477317
190.07474365178598
0.26912839218746937
166.7058466666246
0.2988861669653752
0.01249051289084312
9
0
0
4879.94002548756
0.43083642589173526
1203.512224994838
0.5000210639328149
972.9738836699412
0.3009083297550808
614.409244533022
0.5251176559172875
385.3893664634519
0.4245188037927651
293.01545670816006
0.30720173513436744
232.9089306160972
0.4021282536312793
167.8564308946449
0.2619450088198426
0.015812741836166083
6
0
0
1214.4119754626688
0.6414010347474497
604.0696540246071
0.644601241751141
385.7835040671517
0.5383303007596226
285.49576430001133
0.3588857536568093
230.10518137728968
0.3865708754992387
0.02144217259722294
9
0
0
4812.28306737447
0.3651197766202246
1235.0978235226053
0.5652221129260835
969.0149738493325
0.3028519279798118
628.2308079144426
0.5163826315286386
559.376376529988
0.379889913220203
395.7782995901203
0.37534954044768565
299.69024736647106
0.2854256678563641
242.35786047253296
0.2530452983383191
0.025542294502512747
6
0
0
4724.936114420786
0.35911252263520066
1261.4587514822724
0.41707468269455905
635.3594504589611
0.3522170069001782
89.45759777244324
0.2747863434214943
78.38470036343618
0.25885094022120936
0.04353014559364173
7
0
0
1296.036742906594
0.35330280498375277
191.84422379222343
0.3287430184874121
103.12929701710749
0.2587706634548867
101.82193332661001
0.24526773807422028
95.7466096453435
0.3497020806397193
89.04671802491077
0.260715127443278
0.04917563813784667
14
0
0
4695.687988832939
0.5882345840976051
1957.6778119432588
0.3420490777226764
1640.5631726687604
0.2747264145555728
1341.473066801921
0.3982053717071261
192.46589584216795
0.3962094865094372
185.53591549631133
0.3860977970725995
178.16433741916944
0.23494865601335616
101.81338242478803
0.25322449664413577
99.43284628027845
0.2956138782958157
96.75032676059145
0.35317050694446117
94.6373783238917
0.43283672767151404
92.53784188813873
0.38858110530477985
90.41408574636246
0.30250603518086366
0.06528776379030249
15
0
0
4392.3380675944
0.6107678024708905
2008.5549777375065
0.2347546683096699
390.4026801512099
0.2694758123977429
194.5562623817987
0.29718624915889014
191.3984421188543
0.276018685108936
185.54744119178827
0.32235703943069505
174.5631362776121
0.3759361737239528
169.98686017306696
0.3730680221218986
167.78216381931585
0.37845856530730815
88.14432397347393
0.2966082591057371
118.48332311290329
0.29571896470529585
117.57339974205804
0.30609690296948144
91.96422402914014
0.26105362267378995
90.11486546498905
0.3778143932900991
0.2728971335848001
2
0
0
391.26705256672125
0.2818763656668659
0.10965324199335015
7
0
0
390.89752703463586
0.3193171228993873
107.996912346729
0.31958748529379427
105.76171865731037
0.2774284827771064
86.23411331704153
0.24566504917231244
84.48804722787826
0.29857440150215925
82.95536049929098
0.23172755029811934
0.12462247348372722
6
0
0
1289.3407833557399
0.37211028981730226
419.97210537326316
0.41366669069991624
183.42332906412705
0.22944523886359083
160.22493037785085
0.3158256639422238
113.71006027972169
0.3147451694343826
0.07660310291236248
6
0
0
1296.2478528968402
0.5607883119595104
182.60467736416624
0.40971761430100734
177.04552995289424
0.41697559694551517
168.5497812298323
0.2884868873086859
160.4513455075261
0.38896578213292327
0.453410984321101
3
185.87584250412877
0.7654403111373541
0
0
91.54610285711182
0.3939739674982693
0.6264153720470835
3
181.8220432720525
0.9032014174431158
0
0
90.55136251953103
0.7285789460786585
0.7575698175423083
3
172.68868944000104
0.9448527657248135
0
0
86.44623939634728
0.8468035144614609
0.7681209881486643
3
167.0657327446395
0.9824052836522847
0
0
83.5502619372899
0.9560115328517088
0.79875214342548
3
165.05550910136412
0.9875959301963161
0
0
82.5203151872905
0.9634149073853802
0.8038761909119033
3
162.9132337991039
0.9839597933005815
0
0
81.39662816139432
0.9556571944509806
0.712743198660607
3
160.16785667999176
0.9924115323536287
0
0
80.06696160290034
0.9990677113921794
0.7475512013140552
3
158.5437304827038
0.9885997456547384
0
0
79.23079979415749
0.9623008097101421
0.6826860172856687
3
156.95159679759283
0.9953907182895939
0
0
78.47551573045949
0.9917288987194268
0.6613422415663789
3
156.39418405737518
0.993660489210398
0
0
78.17996097225178
0.9845466539050839
0.6427830668636496
3
155.03578111037402
0.9664580085708999
0
0
77.4538425834211
0.8840417643312455
0.5024651946608115
3
151.10000494755113
0.9066148517564185
0
0
75.03063764248076
0.715652003182884
0.32605297553906903
2
142.47527287612414
0.8850729825499025
0
0
0.21769867804578732
2
137.11780812411737
0.7240357062943783
0
0
0.1001169251619036
12
0
0
5203.1507172685915
0.87629613430594
268.70106609841986
0.3327938397979061
255.38126721968698
0.372023967078073
141.75956140242099
0.23049206588894652
137.24777915700034
0.24543293763282137
95.24489498752585
0.3040672822169969
94.11268211103197
0.31912718205396623
93.56083386300348
0.32161990967150117
92.56464446697876
0.3064204292162422
91.71221999546782
0.30661242233671465
90.05928428474995
0.2764522953956384
0.15502554349261777
10
0
0
1988.7773374381534
0.39867654405637815
1358.326230239428
0.2992273106743777
314.24412711694913
0.25467017858772106
300.7463284211681
0.25803661397178657
153.52358502490026
0.5429959023155351
142.90189959865853
0.23314868931025826
103.08558817301939
0.4927870283206821
101.75697918135657
0.48365935846045605
76.87066374641763
0.25625406419208163
0.12998960313015354
8
0
0
1997.1504592386957
0.3342078989478005
1648.0521411988445
0.3204336935231337
1326.345915106602
0.37276625213944903
171.20277814303336
0.29156022948317967
153.42296492709656
0.495477658931062
79.88404387522688
0.4720116345893857
75.84627851626499
0.27407170194652075
0.2569240721176743
6
0
0
1233.7384600041191
0.4643594721977388
177.2631755429573
0.28770794862128735
171.5911855173773
0.2798497398933089
86.22167634040387
0.31543026752138037
80.32375814158134
0.256719228814297
0.1248899980137598
4
0
0
1238.53864749096
0.42674484935177276
89.9895226296278
0.2784833582962206
84.80301183237202
0.34445217911729636
0.07189061945058199
8
0
0
1969.4615999188172
0.29558076395896193
1342.6495869654682
0.26492042306309294
166.4776014410117
0.40425943451394886
157.1863876567323
0.30319090163338214
150.7327657086408
0.31822949418440777
84.47166959484962
0.4848960672089103
79.82240882900638
0.5488663432115865
0.08422403583053012
12
0
0
1955.208726639671
0.3656319046916517
1342.336415826445
0.30675232322138485
311.2830710543796
0.3004568735357115
301.403137269826
0.2952676667738268
169.03113232868307
0.2998656525783695
163.53193058420547
0.33772888941840035
155.2159986512531
0.42369829142688126
152.16656499874563
0.4580762720734586
80.37196988319948
0.3943590019767562
79.11508613717648
0.3775365635538163
77.58007679040763
0.24664280691271281
0.0918474898259797
9
152.13819523182605
0.618958684746851
1359.1952277347916
0.32767585816218464
305.1640541688087
0.3847593616904225
292.3089641578681
0.3797045709453654
0
0
147.3149048690681
0.5933480930761272
101.99186843565496
0.41078740323572815
99.81025446851771
0.41857513493117826
75.51495322539668
0.4919694623554023
0.08638571183149056
3
145.5643734813344
0.7136613681599358
0
0
141.33502444007246
0.7150789974122881
0.2320837963528282
3
156.0215613165934
0.8380930227397496
0
0
76.78814866714012
0.5055891721780668
0.36546720641126484
3
158.1336160573369
0.949781189189203
0
0
78.92778803829415
0.8209101359756252
0.3936845618260955
3
156.7996590423688
0.9881327798578364
0
0
78.39796138145374
0.9657938290587883
0.42477543288534
3
155.88673373232214
0.997435114920928
0
0
77.95115301041895
0.9977259694146676
0.47550526388712533
3
155.85668685140283
0.9965899139546816
0
0
77.93805268443141
0.9921950719889205
0.5187510973024309
3
156.18249177274907
0.9925437116735969
0
0
78.08552091665435
0.9724909296060418
0.5289630359678326
3
156.58123110236733
0.9983826629474626
0
0
78.30380469463569
0.9969743265132768
0.535384886243506
3
157.85035552699762
0.9959070015289205
0
0
78.92049933028126
0.9908449087062496
0.5362420871279132
3
157.78375656293147
0.9894878493531506
0
0
78.90181212571764
0.969828574050167
0.5201660923277836
3
154.82879500562066
0.9809829949298922
0
0
77.46337295752382
0.9406073231013782
0.5515966393752811
3
152.2689856799866
0.9879999784719524
0
0
76.16570871388466
0.9661602286477152
0.50943900050562
3
150.28167185635317
0.9867081548603925
0
0
75.1530835501593
0.9665255016560702
0.5131862654009887
2
148.68581500432657
0.9879138397306593
0
0
0.4447961506516056
2
148.67398519869607
0.9914384127168086
0
0
0.44833146127915274
2
149.15720560275994
0.9936639558904614
0
0
0.4036649990668329
3
150.27889268985447
0.9941468167576613
0
0
75.14511982392779
0.9860931392420238
0.4040705256937429
3
152.529608681144
0.99881025109119
0
0
76.27534679528768
0.9980485484187336
0.3889538340998702
3
154.05487375480368
0.9987838545654106
0
0
77.0598641944772
0.9961120406601969
0.44696956203534105
3
154.21365014807196
0.9953903464311525
0
0
77.14080737485512
0.985483629786189
0.5420894401848837
3
155.15247284351437
0.9842588301599801
0
0
77.55905314505748
0.9528055434671028
0.603192066465642
3
156.54220156292763
0.9693831330791382
0
0
78.23398347366783
0.8955011752819299
0.6290140893346893
3
155.66077653225057
0.9706484256149834
0
0
77.81337495125256
0.8967983070662827
0.5638172829577531
3
154.286032300133
0.988474016289342
0
0
77.11142857086858
0.970427508396604
0.4788146304755949
3
152.97438549341004
0.9819068395941151
0
0
76.37634038427034
0.9592685655401467
0.403794809565084
3
151.1047243506846
0.9770376597458337
0
0
75.50438655680057
0.9630501240108534
0.4121732078153759
2
149.37439209831464
0.9642786522417857
0
0
0.39852927284806045
6
147.30994158342278
0.9649608735000497
782.9150761875845
0.27232892703923545
181.9291195390605
0.2826329573477192
0
0
124.04291024317584
0.26596513388622656
81.56844866834555
0.2691851721955265
0.3603149160081236
6
145.1655849638878
0.950023069340221
746.7849220738431
0.3565476965076572
181.3265322255667
0.3296221190897671
0
0
122.04748384049797
0.3661910450250794
80.79937320966901
0.2693242643040659
0.3142003660278154
6
143.5201472301303
0.967877300523871
735.5583372894284
0.23809621293858604
367.56676432599113
0.22857910887956803
0
0
119.80289949517513
0.27212475219855015
89.24411346524623
0.24299715194338836
0.37324439275470267
6
142.87488174263663
0.9436433899486293
359.4847655973743
0.3509839174579343
237.07879564701423
0.3291122307789526
0
0
102.13239556519386
0.34693388106711787
89.21770166448356
0.27864193170367657
0.3179093086727698
6
142.1827285465168
0.8091143723473431
350.19446073701135
0.3786461362878743
240.12277477671853
0.3865395865958834
0
0
100.91145607536794
0.2956132596730941
89.58052343964377
0.28680663287873215
0.1633412982771441
4
0
0
239.75377950516977
0.2480086496117593
139.82568396692335
0.32744230489958087
121.04073513609066
0.4313495212404815
0.14816964053291526
4
0
0
144.16935745219104
0.27634901940431716
118.73481578726066
0.5085486072113872
104.25017508975125
0.4559998612750742
0.07787190592183606
6
0
0
743.0641828493149
0.32736041199798266
143.4524696577642
0.4482923447191286
117.54220619581079
0.3452660340803778
102.97792440395007
0.43021967219286883
79.55826032849973
0.23599071714226658
0.036497586173757
5
0
0
292.1103870210218
0.3829142221649385
145.10392847713797
0.39330059967379094
103.90505500933723
0.30233333437018406
77.18056905031682
0.6099013486567847
0.056765673681607835
4
142.64685909733643
0.7065851054157288
283.5931908448579
0.7655373990895401
0
0
95.31806116224936
0.4701710456324159
0.041371602035211216
4
145.05208618078527
0.8266677537704824
288.9054487136995
0.7479261792328588
0
0
97.41907994418904
0.6451260309508018
0.03271243521798458
4
0
0
303.0052863051923
0.539379797586693
147.6291156853999
0.7484081985279681
99.8092165831918
0.5879459274623144
0.021382602666213522
5
0
0
345.2289357861306
0.28556778363178986
256.152533467411
0.3768292446062896
144.48827791549806
0.604523216903422
91.06573812949479
0.27696127983164603
0.021891429061706043
6
0
0
752.2968753833571
0.2706545136460424
361.97935896882194
0.3363088665291394
241.77806471720234
0.36508653673797886
144.8605170539828
0.39542062366180736
121.53986275670266
0.26167837721897247
0.021809358424897052
5
0
0
364.5180249603595
0.277320651891983
238.12736396169674
0.31425157689332167
144.25442619933366
0.3118628317642929
103.70524197469884
0.39529890242268273
0.015187285805135403
1
0
0
0.013317436913553412
2
0
0
101.44743954360993
0.30804797539759904
0.009697836969913234
1
0
0
0.009794997570721557
5
0
0
125.77589886199286
0.4807585948060779
118.12445974448727
0.3881726617937335
116.24538424523463
0.3880253683012251
114.98200993876779
0.38528760467963263
0.0061171631792374375
8
0
0
182.09641234075818
0.2655844465573555
164.64096606969343
0.40224300630188614
162.39046968842288
0.401456609494953
151.98529719168866
0.2826308444100147
140.99355392253216
0.40630385807815983
131.05042842372498
0.2735761681789248
128.9544995584668
0.26634011930275353
0.010817364075193615
4
0
0
275.5067938125422
0.3035342801039859
271.5618046817841
0.3030898940929367
140.85234105100483
0.2731739861114562
0.01172584872195808
1
0
0
0.008539622016393703
1
0
0
0.007694484579603054
3
0
0
9798.38210452259
0.9743687614481273
322.048950622863
0.40657369819165445
0.011003172693540465
1
0
0
0.01175495356894871
1
0
0
0.010469820456469422
3
0
0
362.14585612335327
0.3686946613709416
319.44940394479283
0.3466430482940182
0.007539605036822952
6
0
0
366.8839692591673
0.2758514063364347
334.7113198832348
0.29127703176617825
305.2178528829288
0.30294297009382176
284.0732608670299
0.28000072463656084
259.80816222181915
0.24282785932277837
0.009104462833461528
3
0
0
893.6619826277167
0.5589996862792024
417.44098400989265
0.23848057511623674
0.024645888291280338
1
0
0
0.02895524521527161
2
0
0
351.0941435666463
0.23863150836483665
0.03629681991369185
1
0
0
0.03757422102523135
2
0
0
95.73826293470748
0.23049378284322253
0.017805869013067216
6
0
0
980.9243535588547
0.33031467713174034
120.5937627944043
0.3403580429057112
106.76441258592297
0.2508720289863894
95.5559882758683
0.30850129684512323
85.06827832697842
0.26825129715774854
0.013563363354560763
5
0
0
1325.0529264227296
0.29132636987605515
973.483203868561
0.4628181403617764
284.8512181653251
0.26217868522879834
121.0879666889388
0.3176404807472168
0.013539919917196974
5
0
0
1369.023926844924
0.4589076038716019
970.7317364319694
0.5188891588510314
267.95746198681354
0.30022715811226425
210.55958268766474
0.2607062401093536
0.012834429090355585
10
0
0
1434.1156340782184
0.461705910208321
954.7750166121974
0.4863606092332674
448.57786395726674
0.24524714693894453
340.64911550002785
0.310507870475607
304.04102054971014
0.31095441616226943
271.5009195004044
0.3802789137477258
253.31904188547765
0.3866165365145311
206.46802599052788
0.2684855995074094
195.16726591158775
0.27345913564007807
0.013758596818961908
10
0
0
1395.2066316919213
0.47324773575544665
992.2833766154931
0.5418732188804092
506.72870056275553
0.2338868463864337
455.66917691651787
0.22929026456176047
336.4058927077959
0.2851865464964569
311.96057049111954
0.29617966094875364
280.3062649713455
0.2307740972613878
250.99924245618647
0.31707909324375494
238.98502891110866
0.32406173042366493
0.0087076493587844
2
0
0
87.45672602267321
0.2890861462397022
0.01693798589701735
2
0
0
160.79568015574213
0.2823742060670483
0.017008315788543532
2
0
0
1046.3868732615315
0.45162817305905234
0.01681777328203986
2
0
0
584.1464013793737
0.45714111557286197
0.01304187489819645
2
0
0
622.6889472491757
0.3449505779599257
0.014096754139529502
1
0
0
0.01309840884184316
1
0
0
0.007413189114831129
3
0
0
217.07726191124593
0.25929239648434743
177.9318011604434
0.2496832651328581
0.009861550390503387
5
0
0
397.89018382443317
0.38694521559170736
390.33967928754004
0.3868300520646473
327.84307991123717
0.3442006448086372
209.7240168647809
0.38424834988883516
0.009886313842489839
2
0
0
397.29837902401533
0.35690650259575124
0.010055621962255151
4
0
0
237.55502721289196
0.3469894152089755
212.2131703698017
0.28291040891094227
207.06249466868292
0.2804801557357199
0.009872896102671372
6
0
0
237.33039814508837
0.49501879162844575
230.67612529490378
0.4993230855250127
226.79253493038348
0.4957584819297259
113.74493964363495
0.23280629764660138
112.83650434422111
0.23420121103789968
0.008175860923805092
6
0
0
9926.102407343036
0.9422455645023199
273.92172782743484
0.4976376568880347
265.37944304182435
0.4999321767230496
257.27261555746543
0.5047604212879714
241.37879913672788
0.5014309762319603
