File type = "ooTextFile"
Object class = "Pitch 1"

0
4.754020833333334
236
0.02
0.02701041666666692
500
15
0.007291366934796009
5
0
0
2112.7457755685514
0.5450027795913717
462.06308290950767
0.39174460688780904
419.370120855667
0.3803809355937012
349.9291582158728
0.47569747469548157
0.006125407044730116
3
0
0
1937.101222619663
0.5568583021276392
315.4926026017743
0.25192770992676994
0.0055502814291890695
5
0
0
1975.1839343550823
0.6117426713167301
314.3679020758869
0.22935716013846455
279.5130261673528
0.23374963703953144
272.5443727075761
0.23624909955482015
0.0050692532957096635
7
0
0
311.00268901162946
0.2468202888151336
288.59038010774134
0.32722209613218484
272.7034784333632
0.27195086891614617
156.58892983951918
0.2826096706861182
149.6805783558816
0.3062175067862071
146.44328372305276
0.2814824334501751
0.004530068553892715
6
0
0
1035.1380767304352
0.25576050596223054
944.583477603187
0.2525046421781426
313.71192863959106
0.3293001264064856
288.10368760925604
0.32522723127506276
273.51028528189187
0.27896484285083584
0.006935855528253129
8
0
0
7487.706507609796
0.9096107707976605
1049.5594606409961
0.5547106106877342
636.128995163434
0.4606820723715894
540.8866315881828
0.45898964467475784
349.67369450808457
0.6174226399455057
332.97045900056025
0.6243166584740756
237.4957166445375
0.26390430192073816
0.004864828902780572
9
0
0
3293.243236487468
0.7148568395713614
2120.774896027851
0.6441843923660696
1037.8773004388554
0.42124510209748595
867.2679848735965
0.42000438153701836
616.276087143603
0.344971905056244
564.8920014434391
0.3167493047283488
516.91507281133
0.3269673893880372
439.49064103421415
0.2694049718836314
0.004403696365306312
8
0
0
7639.1443993120665
0.7846591209468355
835.3398745905561
0.44989498481432194
744.3288036014618
0.4087505586360567
677.3806514417729
0.39729327647072044
628.9640425455544
0.4148510819372492
587.6746259364948
0.3978342224673638
441.357545614645
0.2330887151618137
0.005244552087635669
15
0
0
7585.298068471324
0.8942718316651558
3168.766999188573
0.8314832115296302
1538.5288892367382
0.6965384366531624
881.5807340242717
0.5314099852705498
629.3983814600256
0.41573533379180616
522.7819527488338
0.3986659394139596
468.71506767657064
0.3813898352418214
415.8052121624422
0.394356338186439
360.43642012552675
0.4452344979650549
346.01781139257304
0.45365416152213645
328.35820652752415
0.4626032444555736
315.0309663030026
0.45893308992886395
282.29315135267643
0.4775606763766673
269.3793099139132
0.46992862913605343
0.003907931726843515
12
0
0
3117.2779214441994
0.7970077071921249
1548.8761299661662
0.6727826543859159
1040.9121567223278
0.5846538302833159
763.2885738046339
0.5374575209332058
689.455213821823
0.5303658054305411
608.3236631378258
0.532662318370448
557.3579351734425
0.5303625162745641
470.48492455297185
0.47771481982157527
435.71295312858894
0.4643313286816614
381.39315632505617
0.38130807777951103
335.4519729980121
0.29221112664449167
0.004873638531802651
15
0
0
6464.543872683385
0.8809165331675711
2983.4861580514244
0.8455666251733554
2016.5515469483933
0.8124228698426699
1478.7752280261896
0.7735865698129759
1186.8593506779514
0.7420615025582059
995.0665852349711
0.7170629451220794
845.7231998502507
0.6698303485584466
740.6157554508199
0.6365223378191536
669.1741580819094
0.6029300416809694
589.2333723180182
0.5657008449843142
544.0432137509231
0.5423548945693383
459.2630022556245
0.46476994572159835
431.1406966698849
0.4257112370526523
404.76737119936763
0.38475556794611593
0.008855697555255946
11
0
0
6196.504735352332
0.6057295115361746
2993.6558471759854
0.6090013122507396
2013.0954715578207
0.29948415136045653
1485.5632699301243
0.28049846754962576
665.3982511512826
0.32974392523047236
544.4429312623828
0.39226743123685076
461.2244771430426
0.3629404528129913
399.27224500838275
0.2781119862711665
135.32514213868558
0.318778550892942
129.4155377776355
0.2569306941879592
0.017583402499284834
15
0
0
6543.72198959134
0.692431513515998
2991.509901273249
0.6254509236981821
2047.9783656475604
0.49820784063036855
1555.0314049255892
0.33121966993665375
76.78561820217972
0.2954502235421885
137.56512164448037
0.31360642705978253
147.3906644990892
0.31518753734106103
173.65036406296534
0.3050311855547772
169.24402438911673
0.2977059282766277
78.87046671880057
0.3200692130540412
140.50291998592647
0.2998472339462758
143.99242516802687
0.2843267063876373
79.82672818656899
0.3198023970445896
150.81578385152852
0.2922720938911904
0.19055456467199192
3
189.24914344709924
0.8011942364289277
0
0
94.61385035320252
0.43612533542636317
0.5612763469162817
3
180.12104207601257
0.9717782201936589
0
0
90.10368940322952
0.911306065552007
0.8101053855050016
3
181.49052697606837
0.9916102096943137
0
0
90.74999855365063
0.9766710639718876
0.7783498584836952
3
180.15871357508246
0.9869718594131054
0
0
90.06562566622084
0.9532437469466487
0.519524150779516
3
178.76968562890806
0.9883154673451442
0
0
89.2749673345975
0.9574762970830557
0.43053695602083075
3
174.61971278853542
0.9884733453619756
0
0
87.27698026833645
0.9586429189827669
0.32798708827620116
3
169.56176502970922
0.9640037211827468
0
0
84.53598777513152
0.8860559830064265
0.26037642003263534
3
163.9912109345265
0.9852273347807962
0
0
81.9028176200851
0.9591759661394708
0.24452303709051984
3
165.35632876763486
0.9923866697679306
0
0
82.54970364918422
0.9899195575690533
0.2841320899726556
3
171.44167903915042
0.9909684244478412
0
0
85.73599693940047
0.9779465104801163
0.3889336333418697
3
174.3358164209728
0.9911573391545218
0
0
87.20964318040916
0.9805967707653613
0.48346636749138466
3
174.13175528730366
0.9899200177102884
0
0
86.89640053951445
0.9846665302702864
0.5289966439467795
3
172.92609169792107
0.9950788788986568
0
0
86.41176227053144
0.9949045108242282
0.5420959764537466
3
174.5866827844756
0.9954008617548991
0
0
87.27454980741837
0.986516499174919
0.48282603409725383
3
172.01891000557563
0.9858381104589957
0
0
85.99746654985013
0.9497886221349865
0.25555167348620683
3
163.44179610272437
0.8775044867603002
0
0
80.65145033872678
0.6140388451269238
0.13467002195019784
3
161.99691081813216
0.8755458576406543
0
0
81.28489844431446
0.6606577893209562
0.03331423105061367
3
0
0
170.3775338658712
0.820853382823125
86.73250538197095
0.6714305600084854
0.03350276896825916
3
0
0
168.577293227533
0.6929018696438534
84.6359375098666
0.47773693042206444
0.018386687786928615
9
0
0
9933.450783908045
0.8571988388751415
4960.37347197795
0.8378527288463392
3328.439515445479
0.772912897648891
2499.16794192535
0.7001029630933869
180.9274679925842
0.48457731190822323
177.3740868743875
0.4895993597844645
175.20265402876623
0.48940448891379396
88.64459464645366
0.6586275247947351
0.13620543411582423
15
0
0
9103.941637705413
0.6262241150594146
5051.794429647506
0.5551661088918131
3348.640669452872
0.4725147637228299
2436.142865139207
0.36809472284615624
1968.7532887677803
0.3562905425634559
359.9407410138164
0.2766693857461896
347.3912786205212
0.3694800784102022
325.9067329529943
0.3523177456205267
93.98554620871941
0.28738641143432725
92.92843181142787
0.3310144158726689
92.15041013654746
0.32928297590236894
91.07737607593764
0.2902533778908836
89.64265422128867
0.26675674392166054
88.8421843508481
0.245613930910854
0.5743949491801924
3
197.3201494879611
0.5267969287933773
0
0
106.22088137877007
0.24687127643829104
0.8112162831164227
4
185.7796955814166
0.8789214863114189
700.3512340572507
0.23501391633005506
0
0
92.49391706011951
0.7479141837518544
0.9849379448203448
10
177.92780268852812
0.9249498512203215
705.4974908669258
0.5037240695353719
358.9013635632717
0.3109605923630602
238.81009525502898
0.4819131633105363
0
0
142.44008702852057
0.44194621501727294
119.35893155661508
0.27983758797386793
101.97848689868124
0.41487619614035753
88.94829482397664
0.8128792005817735
79.24730112189441
0.36297508428861075
0.8625205779499192
8
171.3893520897331
0.9417980270800547
696.3968012000406
0.4477906165072416
227.71113386170384
0.4240149412896294
0
0
137.8017376410668
0.4193251086622177
97.77986672465565
0.3772152567815984
85.61353592335273
0.85118550264676
76.3736522100384
0.37124115064510155
0.5870099698513459
7
166.25386513636803
0.9751862601693703
685.9752566385768
0.287718177724064
219.31527321914763
0.29357516835210745
0
0
133.81545989606678
0.2641874818137867
94.56939139154902
0.2952128944314659
83.11271673242632
0.9496456129616866
0.6525321532009554
3
163.86736542031787
0.962783419619888
0
0
81.92087172889197
0.8851057755320377
0.4842955990033851
3
156.70990047372825
0.9072163307203885
0
0
78.12539906787221
0.8017224512910347
0.23656422348845518
3
148.35242262474844
0.6810539951069935
0
0
82.11736833924628
0.32336191402407166
0.07833237408818203
4
0
0
162.41702641698743
0.28815263314767603
144.31698347379293
0.254164968116916
82.47138566955434
0.2706422044032491
0.07677324020158419
5
165.367163854727
0.7176428695534658
330.79319811890014
0.6304221996778168
0
0
111.3544822744898
0.4419420497196148
83.19465406125458
0.4645238638198272
0.07324700969989434
8
0
0
358.38051767076064
0.3120425134842318
346.766854511128
0.3109922768937155
320.5260155087676
0.2859608333237298
162.87701003784719
0.3950499629280531
118.26551175717998
0.3227081837264561
116.99557733341771
0.3262584567878221
89.37012845297913
0.47195656039804984
0.04716115602256732
15
0
0
9704.368906835283
0.8782988058304406
184.8845593467443
0.24743280042994445
180.97600070587234
0.27913067704275835
177.12280578300212
0.30145105961172236
173.15685882223377
0.3404966191102839
169.73405628663704
0.3724594057707089
166.48632680374828
0.3821074752305225
163.54172390841956
0.35289796268523904
93.63850587802449
0.29450781663637815
92.66019453305304
0.31543025421328347
91.64916110478997
0.27957284085936396
84.83512799778093
0.24724076031578684
83.99912985892223
0.26463105989229796
83.19187268304138
0.24315828225972988
0.03762449051179408
9
0
0
342.9480365472662
0.40166045481058416
331.8427021939157
0.39133757217399423
163.81230568662346
0.3704314555111552
161.37661100553822
0.37920366463396243
79.44655609884623
0.24205370287300926
77.95558669759271
0.313109238905724
77.2178013519003
0.3303044226475227
76.50783031928663
0.3213794846073953
0.06516684667308505
2
0
0
201.21702071234992
0.47250371419251697
0.5428518949916912
3
168.48965999757846
0.8711193471378446
0
0
84.32437470114827
0.7154798051797107
0.6689481345519572
5
168.47852860164105
0.9872906502138036
336.49499583203675
0.3101907549212057
0
0
112.17033113574323
0.30833216827725596
84.2337062943737
0.9703191647316936
0.5853166240748514
8
166.78225810809238
0.9918669763035178
694.5556649310209
0.23916675212787908
334.2696672375717
0.3611756402099017
219.69383140604756
0.22930437055039782
0
0
134.53324722065733
0.25095385589528213
111.4359044230842
0.35824681449752516
83.39527885736597
0.9945423965710671
0.5935356198908518
9
165.865075117368
0.999208662287445
681.1104759417023
0.2668840502856729
332.06484612305866
0.31710025061617586
219.2271031086437
0.2580249626442021
0
0
133.38903216972676
0.27798169231202763
110.6741743509105
0.318939393272054
94.42043304574904
0.2498706677347141
82.92751768107988
0.9970883239685625
0.6676048710038378
9
165.78203332576967
0.9969198372103644
682.3274706099244
0.278298510551269
331.2793753037334
0.3440677999279042
218.5544075104342
0.27730098840901246
0
0
133.22340726914064
0.27940584306819854
110.4305702448616
0.34158252985079074
94.19611237388367
0.2762777382922425
82.88462213535816
0.9930296689533794
0.6412107972713105
9
163.79823999181806
0.9882559200011316
676.6392589717699
0.2683001592508463
327.80637929777066
0.3162612164605603
216.33242332958991
0.2584541697642743
0
0
131.98622554218142
0.26604371171237007
109.25430833795768
0.30527700365238436
93.2204315781157
0.2376692128554163
81.88244022914333
0.9709965783516278
0.5801924893685158
3
161.243870644738
0.9851259956982225
0
0
80.59923667030088
0.956268628087485
0.5698798583549658
3
159.99056255346602
0.9920971384437264
0
0
79.98151452085764
0.9801547225355155
0.5186078112136853
3
158.14529043528265
0.9939005521548866
0
0
79.04792069351402
0.9858997749484918
0.5503067735431844
3
154.70585704180303
0.9833665165288151
0
0
77.34853615861024
0.9540223128302686
0.4731790569734672
2
148.2663712731587
0.962896075802292
0
0
0.4557131662316606
2
141.23666909867237
0.9554867413540326
0
0
0.335721376758628
3
135.26250941971009
0.8853747980078057
0
0
94.37651900788987
0.25823334394456343
0.2482562906291205
2
129.43601081296015
0.8722827025945874
0
0
0.2440067539372501
2
122.82265753459409
0.9353763945168074
0
0
0.13111746801020333
2
117.66926403530313
0.6474516646507075
0
0
0.12700289697954084
2
118.76262532423358
0.7660444625534013
0
0
0.11830653838445587
2
111.23953498283046
0.8303085913255867
0
0
0.07650732183057767
2
105.26464846448333
0.7587959522110436
0
0
0.06511890062941336
2
122.43841782638734
0.5816599996731559
0
0
0.05786478022372539
1
0
0
0.025694713916247683
2
0
0
125.54559182987582
0.7724993504731248
0.03725520509558662
2
0
0
113.85806854027287
0.5751830109112438
0.017836215892419394
2
0
0
107.68584244819633
0.2585885402843458
0.014080833184887126
3
0
0
124.55241213709735
0.29127234430963855
120.88550772950474
0.2781498308845203
0.01024104825591189
2
0
0
81.61115919009897
0.5188473699628514
0.010381118095095848
2
0
0
308.1884888512792
0.378897533844696
0.007310831236693108
2
0
0
301.103229813195
0.3437585643528601
0.012186274133078498
1
0
0
0.02514715978965231
4
0
0
4220.975599432934
0.7181009165836315
2014.6270091490574
0.38177019049201033
195.8666203241378
0.24543114507249278
0.1286698438160514
10
0
0
4267.669827360287
0.6504433005217815
2032.8336649613275
0.33820606638771766
465.7153440564737
0.27526532562549083
421.2566473582548
0.30279696153632607
227.4547670642563
0.24001100291196323
147.35267820816566
0.3108125999805873
142.44841560868915
0.2484807994195552
104.53730712490659
0.24392258647158402
102.19471620010418
0.24049766969040542
0.0640167475350363
9
0
0
4894.527150721475
0.4999965353303661
1953.4297966108356
0.24440168681415317
1740.4552035822906
0.23953374631056104
1338.087052899888
0.2593793205766068
449.5328330563464
0.3145041176417584
434.6566278657712
0.31790416407208183
343.5376529844784
0.30106556930755973
84.46344728123309
0.2981446585068759
0.04842248605892896
6
0
0
4924.870913271366
0.3598051101703984
1308.684607977221
0.3863001213735997
180.79155832598187
0.31648013215816845
99.94858487334818
0.2436060610184044
99.244286183123
0.24943405667899823
0.038449312003191564
8
0
0
1537.110702830453
0.5959486428166786
1302.17024754551
0.621908257223057
180.9410291887329
0.40639485914424295
160.27228854610252
0.42913734989558777
142.5622404951524
0.3455625096148197
79.94545529713535
0.2753552182599415
75.111981770644
0.3662850700532239
0.48578441021618424
3
182.02613086963188
0.8811444490052259
0
0
90.85346030398205
0.7052274320506246
0.6666718006318312
3
178.76116589031855
0.9908142604520357
0
0
89.38316417731348
0.9707165184020125
0.6775919792157054
3
175.21795783474147
0.9953445763691036
0
0
87.5957014502856
0.9851847718576433
0.6730856936049521
5
172.0642101620947
0.9959858622588226
345.0744597252272
0.3630286196326618
0
0
115.05023085521454
0.3610803398004242
86.02948741493123
0.9891934593499502
0.6627945151148357
5
167.76566070791412
0.9798477529671332
337.820858017604
0.49007244236212844
0
0
112.59712376350322
0.46955244032637405
83.84682545310118
0.9353703558873288
0.5877621895045221
5
160.44610347202058
0.9734482209325839
321.0873166220262
0.38070876582984775
0
0
106.95530432230133
0.3533979116489744
80.21167772649413
0.9175549490639415
0.34327431412359827
3
153.26778703799764
0.9351042011547599
0
0
76.09703023752537
0.8455827918813752
0.20629257834830647
2
145.01987677747056
0.9558129111932604
0
0
0.22136948281578858
2
143.33773833228724
0.9569903878253536
0
0
0.3158171313875131
2
144.7655270829611
0.9697599311381728
0
0
0.33313261287052054
2
143.88944258800583
0.9853939842147168
0
0
0.29676233802117774
2
140.166328245859
0.9689966707936507
0
0
0.19025192206866648
2
135.0225002660184
0.9754773285211733
0
0
0.24169299186998916
2
135.53021085967103
0.9664892151838151
0
0
0.18811038152286474
2
135.04295490318026
0.9798581846546026
0
0
0.1621641039283379
2
133.57065749560454
0.9857060048220185
0
0
0.17231242131181385
2
133.80067501737597
0.984039904489117
0
0
0.14326491873518094
2
131.63672762862197
0.9831777088847232
0
0
0.14122690758518247
2
132.26031482148713
0.9864797511227353
0
0
0.16062244117166916
2
136.0843890810812
0.9839432947515615
0
0
0.21636137918200213
2
139.7866704119225
0.9807587714743781
0
0
0.27301858739656976
4
143.47192263901204
0.9823008835432917
289.9613783290997
0.28061101195116167
0
0
96.52405369056042
0.296287395940385
0.3304686520230362
4
147.58641417089405
0.9858956060757252
297.05096003301617
0.2611854051110198
0
0
98.72743658764226
0.25514410281421473
0.3690195560150451
3
151.8502198729293
0.9883899620583792
0
0
75.87589745488255
0.9692512119521792
0.4018036153742416
5
156.3315082850423
0.9986720373477449
314.63031417333144
0.2792058122747726
0
0
104.85314973365307
0.2949516501057492
78.15731910193362
0.9803141712321781
0.4938543541951315
5
155.33292865216123
0.9737733794761052
310.4618751087136
0.4420581375624313
0
0
103.46973341816546
0.40335332624508585
77.66021991524076
0.898622742469514
0.33027076350447165
2
149.50712811311965
0.937868658788638
0
0
0.1781037879821597
2
143.7762035227506
0.9387721251945493
0
0
0.15096698670362732
4
145.40070624199086
0.9297923818331069
291.58031560633856
0.6398096088271322
0
0
97.27896914405189
0.5552859963326304
0.06534891330453058
5
152.2626377225647
0.8555658465954403
305.34918937918434
0.35121658668284406
0
0
102.59851155728879
0.3664676383858038
76.70009474656015
0.6320698315441018
0.062449870545574826
5
160.59199600223985
0.5668819359027654
322.400577008746
0.352523065675337
0
0
107.41223992921033
0.6351054473752245
79.98455034425882
0.3103724633201914
0.05409203882997619
4
148.53662848112342
0.7442540669318837
293.7333262834837
0.5861576246520306
0
0
99.24505722118869
0.7085710663155334
0.04027119110156693
5
0
0
278.5510859493298
0.24447350762619346
269.68531906281794
0.23948553198802283
148.878324224987
0.30944557277967155
96.25430797423546
0.5188641313471585
0.04558844830053701
15
155.02993676633702
0.6862543400530271
4358.423688962211
0.8722422374594103
1924.4358291138683
0.7882915405022024
1340.3353480594108
0.639595234052335
947.2355149117484
0.45634606365306163
784.9655677631444
0.27881325321003897
174.8005946403862
0.39135769939287834
168.55431844005088
0.526313171266537
161.38843501029197
0.6118498291948813
0
0
149.385509055153
0.6936240311034472
143.19201703411522
0.678696605975185
139.4482662831283
0.6284938311711094
133.36311474225033
0.5483838686001851
75.1315400495011
0.3629907098774009
0.1598299311865693
3
156.03925977510795
0.8658556373373719
0
0
78.14254141321398
0.683207009113139
0.23249949231084469
2
148.26210299856388
0.9878523521754209
0
0
0.24986319114306418
2
147.38460658897233
0.9957162580770939
0
0
0.2519380116524693
2
145.93782641706645
0.9897432125458444
0
0
0.2573810754566943
2
143.76165153322475
0.9893601500462914
0
0
0.22257509772784548
4
139.51511127189133
0.9629616946830178
281.52434397891426
0.40142207639729655
0
0
93.8976115014494
0.3749218182803449
0.09492027255578026
2
130.09234626394226
0.7576283009578915
0
0
0.04834762722882862
4
145.4799258208287
0.705670258102005
297.7772223176387
0.28219332212223186
0
0
100.11064122976829
0.49206154335018537
0.05582395752268834
4
139.76511396034192
0.8195186724659858
277.5593006686657
0.7564571659023482
0
0
92.80303938463337
0.546338086780249
0.02093130162059371
4
0
0
289.70468584260226
0.7877587876060374
144.5812196236946
0.8000859274356791
97.1003633240644
0.6417983729750081
0.010506852753518621
3
0
0
283.9375663854016
0.23736047261991133
144.19782701572177
0.27528449383973286
0.014051627272388073
5
0
0
10227.614507496204
0.9533819649776545
140.87797690150543
0.7277564678946138
96.06552843439619
0.2713294783480639
95.43764872710653
0.2722848774438885
0.09508001855579501
15
0
0
8457.116109790513
0.8080379051286704
4209.986678442252
0.6932562054687027
2742.27362786837
0.5372654738581754
2029.7878577991821
0.5096318764335643
1635.091746993001
0.40225405218334165
1371.825764321877
0.3748042363502017
163.3917968795771
0.28356230539052835
187.1382621375663
0.38562830994047437
182.75829854137697
0.39000456159062785
178.97035604582965
0.3863511722965785
175.45875633643817
0.36071331963422226
171.77407155387397
0.350832665913535
168.60494660350602
0.3156395943179693
165.71585271777622
0.3135704811848944
0.32958384105258215
3
168.72715523125973
0.7653013013593125
0
0
84.56031431022069
0.5016044116066543
0.4774686843760434
3
159.86597391035247
0.9453797403956195
0
0
79.9125371057173
0.8563789428758606
0.3859745111405587
3
154.34158653068954
0.9823411635731325
0
0
77.14796018223224
0.9682818499134347
0.37119147862746726
3
151.65103457148504
0.9869350114388449
0
0
75.81149925004416
0.9686053370675923
0.34677058840393954
3
150.07824698963495
0.9829841786392597
0
0
75.01695382183988
0.9660851525067706
0.33873608972794533
2
147.43915544071504
0.9536389159629991
0
0
0.31245532162230033
2
137.62090416007322
0.7594491663136447
0
0
0.057363856749553334
2
0
0
148.89600234514393
0.4035867504904904
0.04624626965322795
3
0
0
125.61532618785513
0.4847324386169105
76.56379820828343
0.30394002356944966
0.04096672126762463
4
147.65871023149504
0.7412475156109749
290.9339083596118
0.28715654225300247
0
0
96.57927519828019
0.3035909740904658
0.03483963926177544
9
0
0
10190.490143842917
0.9216595707535071
311.96551920904227
0.49576462855595366
303.82371454227444
0.5003506412973804
292.8038936744588
0.49861933342265924
149.92431317988525
0.4647594662595409
148.03337165699975
0.4683979641082969
98.95864370862846
0.3664434040179373
76.75491242261394
0.3180644459818213
0.025221822067157007
5
0
0
182.8569346718247
0.2294341652325257
179.5151376720891
0.23128505700044705
148.77220556641905
0.30941197061429815
82.31456339865599
0.39031486753617756
0.021934933934534457
11
0
0
8216.091299226164
0.8403514313562088
1373.110958180285
0.2898756784087873
1127.3766637874191
0.24140257685422395
105.71857865935726
0.22798853839801106
104.16904785770339
0.2413957017123783
102.55501869814618
0.2371070316134495
100.29656769437626
0.22883757875606603
98.96646492122143
0.23296899382784841
96.40944903294677
0.2282892238917614
95.45313250412137
0.2323379614574477
0.02390146028302973
3
0
0
160.25124726454894
0.46814628927885393
155.08942901932286
0.4797422311073228
0.24815996457344114
3
161.76053357424146
0.7582953063793354
0
0
80.75869407017483
0.4103527440998701
0.3138263598349048
3
150.9939149908071
0.9890199308687416
0
0
75.49628210409931
0.9912469778645962
0.3009657254415096
2
147.78124235765034
0.9948295928728935
0
0
0.2752107582224084
2
145.00504949438675
0.9849980914339448
0
0
0.2775540142708997
2
143.26762713632365
0.9831175065993517
0
0
0.2126271937581285
2
141.40166229781693
0.97948061344333
0
0
0.18342855021194224
2
138.96641166392018
0.9659357898114119
0
0
0.09803577977661211
2
135.5043189304834
0.9859551766572753
0
0
0.15387154105247
3
134.85574123606352
0.8913620507900436
0
0
92.80040923612437
0.24640833433093498
0.038656557162747684
3
0
0
138.75791236397373
0.43040425165344715
95.33635366476004
0.45108666025017174
0.03235122264400485
3
0
0
249.0037225548669
0.4997338833033349
136.26174710703492
0.3052486622675366
0.013791457790851558
3
0
0
287.61930128153887
0.3405667949558515
142.72882071444522
0.43883120479101234
0.011414212098554269
5
0
0
295.44268891248026
0.42627357249070824
275.5806776849463
0.41868059665670737
141.3826626613262
0.7162140626858022
96.21981151760288
0.25255792795526016
0.0070566282777975225
3
0
0
119.83376577645593
0.39662762699043397
118.5255832080949
0.39455300083455397
0.009852332185560411
10
0
0
10597.466919746177
0.9593089034725946
282.2014477116818
0.2278874919637904
272.91241427380186
0.23407286956959844
263.9072011754894
0.2412956613406888
259.7320841828522
0.24140740727496546
249.54513333140358
0.23765032403125194
242.49021402481765
0.23170042311216138
234.94354472673575
0.2349790442168417
229.74568522596476
0.23296434292243032
0.011422864120762953
2
0
0
313.28150445492827
0.42811791944385075
0.008775321778704782
2
0
0
306.52819393524834
0.46968755499262477
0.015197049107766553
4
0
0
310.9635912647296
0.42652365993998337
302.91046691176416
0.42643515828947276
236.33787304169482
0.35303773153244417
0.009762655400349868
2
0
0
114.69856204044906
0.2694625843908712
0.01119610674001221
6
0
0
1243.8679884402684
0.2398035475734777
410.4039802110058
0.3194212848320945
313.7751417042875
0.3958213464747455
177.44298381736778
0.29289204966706883
80.4572890972731
0.239418369222844
0.008965212481988094
4
0
0
1319.0352440790764
0.3696235211991693
410.6396393072975
0.24891680928686027
318.0964211698299
0.3396503489719177
0.00894875963889361
8
0
0
416.3409271670539
0.3650857522282336
321.860086627963
0.2360300124581669
209.78752996573726
0.2671094459871014
139.60910863982073
0.28954408163959444
104.60644485236836
0.3824654149548617
97.33842772348342
0.25903119572219224
78.76209164632553
0.3038366357643724
0.007700490185516167
6
0
0
1236.1354524882165
0.29557313709217675
206.54967755869086
0.25856703404890435
156.07524137472444
0.3001225905925766
138.18743912164297
0.2516372200527522
103.74250055513886
0.24149032535364962
0.0062003189936900745
6
0
0
1240.5379008654024
0.45257429591765236
638.0942332043878
0.4155453884278383
413.21017181799164
0.2654148907954234
137.02524298043707
0.30065558522266617
113.3687212393706
0.22977570350113483
0.006078830873075885
8
0
0
1245.6940999525305
0.4122451828334385
629.1296685639758
0.32232157368273867
419.62869234945356
0.3495172193964252
91.41966574268263
0.24365992628142732
85.56913683350486
0.37287766888071466
80.05475706057358
0.2804180924767961
75.1020927468599
0.24742062546369703
0.007733197895902258
9
0
0
1288.2781654856242
0.7455037886449178
634.6811479707077
0.5926746495430164
419.8250240461024
0.4726916877975437
312.13619768134663
0.3936569055167806
249.28695056055446
0.31108881754377193
208.02977287745264
0.23205330219833414
138.19287649216196
0.277447626795147
124.55296618317865
0.2632604049314995
0.008093505247464853
6
0
0
1329.462476047079
0.44745622933719753
810.7134882912221
0.23179650864618043
667.6737392599624
0.3049641742347676
423.9811301618372
0.2756075285852223
317.88240479265
0.389241000577643
0.007539296376221819
12
0
0
9262.080146169028
0.8761095797722023
1313.7638428101227
0.6009469172847991
1155.5592341300373
0.5818014882000498
1024.0467737373979
0.4795963144626863
907.9853425007834
0.36734573739355364
809.0638233786398
0.3380902538364717
663.3067393875775
0.4738019679191781
423.354113459005
0.35539003196803487
311.8569476116371
0.4228948895251487
255.74898897754724
0.26548551731638453
250.64676194112585
0.263926177113412
0.009937232680755389
15
0
0
8735.09071558859
0.9070850332905885
4339.724318401452
0.7924258659168059
2907.713320595836
0.6947435254775704
2121.9717697128913
0.617824251829851
1595.4069453598192
0.6228484012289975
1349.5646123192198
0.6204836712006826
1165.7553989192788
0.5831615321620465
792.3213722350764
0.4038372800280593
725.1960128797996
0.40068399903385943
667.6668301491645
0.4006784849553907
318.6783645560393
0.44427690637993533
401.0189835562732
0.3904321031312238
329.9910500098643
0.42638606812925717
419.53985322026017
0.39620506050526544
0.006903727792470051
15
0
0
8874.864682514552
0.8848729924053367
4400.731901040765
0.7511671178232829
2970.330500496117
0.6331693242916969
2274.8049072016665
0.5350893709069987
1804.5812399454194
0.4970497297448694
1509.0202069427376
0.49626788508387787
1297.2717251775498
0.4861928301831112
1144.805142188511
0.4823704367595484
921.0489746679009
0.38344630818403236
818.008928998272
0.34688691504466734
744.9706146413186
0.3252260083821971
682.3451758764435
0.28976949335035357
100.91167745255676
0.3113752313903527
99.73607115748594
0.30009222703072713
0.006297897969934679
15
0
0
8851.455101345588
0.8856285724146784
4363.508587121363
0.7671956743698511
2954.7369099137522
0.6543598364731045
1627.813115727408
0.4868782010427734
1369.9296607767812
0.47245318043589635
1174.030718108039
0.4541144778980891
1033.2904060360352
0.43685091535684456
924.3475770754088
0.3830356013494177
832.624091749362
0.3318952394104164
274.85221987856215
0.31353627193573536
284.00304196023643
0.346047879351266
311.74637858099
0.3876632431443175
301.61078957953833
0.3926708503327827
292.9050992122158
0.37409114441663865
0.007060062721519232
15
0
0
8637.276180938912
0.947283883417813
4317.180386524638
0.8869660810309374
2918.876873214186
0.8275521218901795
1003.3533876148231
0.6179493083339437
607.3404311052437
0.41297706606913387
566.8360053915343
0.3812037783873491
291.9578625052265
0.43840539305708665
342.1251102427533
0.4041894759294472
302.44027962081935
0.4413968118403353
282.873599696267
0.4412028624963102
273.34366997397404
0.4362462914682897
394.3266308055572
0.3805256382797297
376.65477840656064
0.38645492895872163
358.78604558824014
0.3900952835962875
0.008599259323304916
8
0
0
8750.80907156823
0.9392062560603949
4466.131329967509
0.8721527905045272
299.1176261402953
0.4261902015178115
289.19616161596053
0.4235626089159625
80.93374424378135
0.24536060949576685
80.24423899277723
0.2616529940540532
79.55475633710037
0.2641592123254802
0.005248284430786966
11
0
0
9019.258151342381
0.9303461371970283
4444.640476908049
0.8658608355547868
591.143042174997
0.25342057977388166
544.8323739612843
0.2547914808975823
513.2126600798671
0.2654018493404047
484.0027009514624
0.2753400138221284
353.2477387470714
0.4931237567814031
339.19283009674893
0.527561494349328
325.93424950383644
0.5484969070641298
314.26386733166015
0.5494696844998395
0.004232446512244154
15
0
0
8809.04504596082
0.9321496179517547
4374.4255988051045
0.8818033493633901
777.8710951428666
0.48452985089672385
712.4292620218618
0.4477166768796139
655.8657530866751
0.41642291068297044
614.5964107805163
0.39452658720474126
303.2993875972728
0.4069782524020681
313.7653568484175
0.4178697419459217
327.571524017214
0.4226555312574187
341.0201960724871
0.4272638771250105
409.62321969815207
0.4091738958847327
390.0357348675269
0.42367401192829235
371.11727199653257
0.42356072765276026
354.17453601432004
0.42886107984845934
0.005741673226752492
9
0
0
9289.472150782747
0.971356239664678
4440.0865439566505
0.9476076340064895
3005.9949373004615
0.923707507558293
2262.0719431274324
0.9005716563664709
493.5910965346944
0.6910242930905146
464.3629526697023
0.6862669645573876
440.21800993665494
0.6859388948513636
420.477900770299
0.682814314772376
0.00968999848622168
8
0
0
2245.9895548239556
0.35862234185883446
1193.372305753083
0.6519545311866789
632.4357644249997
0.5057994252161341
413.12290160596825
0.5021210034971954
305.33001144732754
0.43907367955841226
249.52498989949558
0.3444322588855337
206.52756855893693
0.2574705092913082
0.014256499314662675
12
0
0
4624.445527142522
0.4333539406137025
1182.0868979539707
0.47674275000483496
946.3044562213697
0.28063887187311876
630.270858392761
0.47747904718822953
561.4208764707694
0.4034767062448032
383.456458917948
0.3865050169181194
294.6173040078535
0.31369368591116376
236.7332283896644
0.3356671006635222
227.8900354641345
0.2685008630978526
167.3267916115399
0.23860641091421958
74.9962935334681
0.2601910092683022
0.019533558037167043
8
0
0
5306.032770094273
0.43179908745231316
1224.4914198485187
0.6264268013368279
612.2068498688686
0.585343954265929
562.3837574514581
0.4880667510563392
390.55986473673516
0.4760578938927043
298.7560709491228
0.3030917212706168
241.37099175054053
0.2452756092528833
0.034991418410628805
5
0
0
4944.225365088173
0.416261574192674
1277.289962163961
0.37751950222128905
96.13010265360848
0.24802321597289853
89.2968271336417
0.3205152028483919
0.05515518939518238
13
0
0
4415.330328206891
0.5962451113463858
1981.1609744463306
0.34252891640125954
1647.1506240440178
0.23240772598900378
1344.6988997179703
0.3641791693251269
194.6169089139224
0.3885177939871051
185.5321448545729
0.3821149629268379
177.5579122267732
0.3341435578040525
175.00447240623419
0.35145138630126915
169.30082182057245
0.323807387340708
94.53069454147152
0.25470536948991435
92.09798440044656
0.3771818647512743
90.32777046683441
0.36973646493761636
0.2642621576562674
3
0
0
390.96723163459103
0.30160133243060117
107.33944205734478
0.22843456822708713
0.11658667473443468
11
0
0
1270.0932172632067
0.512357984953222
625.8341030651964
0.34313194292514626
417.54220474838405
0.4299625973586932
183.21291738730318
0.2926977065064556
160.05279355028745
0.34789791771841394
155.94827480618198
0.22829168315280893
141.83019570408769
0.29323631164331415
127.15468360031235
0.3002512355485738
115.06501438352191
0.2949202504560876
114.02419865823605
0.29749233290117727
0.5358337674444594
3
184.71064919447386
0.8517855498665847
0
0
91.62652606799335
0.5870169628801705
0.7623535705151846
3
169.10927887621688
0.9668927589852929
0
0
84.59942127521151
0.9135944649650047
0.8270074399485092
3
164.15707458083608
0.9838401942820727
0
0
82.05366600791861
0.9486762439856215
0.7545057170577427
3
159.30597872232275
0.9882129429023282
0
0
79.64223431208956
0.9656498147295866
0.7305869460232272
3
156.636768839478
0.9959109081352778
0
0
78.31326807800512
0.992852827805559
0.6073125156466008
3
153.52748650714403
0.9416006843300432
0
0
76.66679581882153
0.8067785311591976
0.28436837881944305
2
140.2648664227683
0.8593385948051867
0
0
0.08781081658453582
15
0
0
5002.250085186393
0.7976759297084902
1988.5882528081231
0.47648247242719194
1371.8028586776754
0.2955895723953325
312.556356555131
0.28262757026268537
295.0419917366018
0.335369751289861
276.0109479281727
0.27917730085211384
256.1875130889863
0.2507507081732924
153.70322710324197
0.4181901369305665
142.9313506616163
0.23296011009295708
103.19993924834729
0.35829156233020015
101.38493236243521
0.3800745377689825
99.04871219590676
0.313177635155749
98.32690495470129
0.31146997663683934
96.1769289891583
0.2968372945379388
0.13322444575095532
9
0
0
1249.6724484870529
0.42773751602350607
177.37000981438703
0.34356067002718005
174.78183140852244
0.34332850214363814
171.43325697741525
0.345353295591715
157.74339651686742
0.3785517645296062
86.15526216679373
0.30334452567516385
80.34016090600973
0.5147448803898119
75.4092942750252
0.3204967592039711
0.11698419284761251
8
0
0
1939.1701559209296
0.23161234910303344
1272.2527722675409
0.335940686410164
163.91777870518195
0.2825547509757502
149.66161679130596
0.3250310136249689
90.81585194308578
0.23408687938362902
84.62765787490328
0.43542259232908564
79.30560093164746
0.37058018149777794
0.06886579354364768
11
152.25871238261382
0.5800246242988275
1993.2719574396597
0.41642522415470407
1356.5890674680568
0.2983809051397849
309.2342158563953
0.43107333037264606
302.19110089543636
0.4325454238345078
0
0
102.21246017093632
0.3488467230612739
99.97252403416145
0.29523640694510284
78.69406733993118
0.38408820795360316
77.0668641054391
0.46371621116143064
75.83163626647546
0.4891257612163277
0.12151780022535283
2
149.86907026005755
0.7533600546328989
0
0
0.412549229104152
3
157.6499906379269
0.9732482278398458
0
0
78.78000406306055
0.9051955524465372
0.47904934151501105
3
155.88540286120923
0.9966117664130907
0
0
77.94222529732186
0.9893399497024046
0.5160325901755511
3
156.37131562848185
0.9954923303635731
0
0
78.18573518802748
0.9829304452141582
0.511796902590798
3
158.25185970781772
0.9942411980811922
0
0
79.12179272065623
0.9861096143425742
0.558841892003908
3
153.41598272533253
0.983777052335472
0
0
76.75934798073197
0.9515571944256083
0.526667520451145
2
149.35694527833553
0.9855659293704273
0
0
0.45658798618762914
2
148.95900444362337
0.9918901879715898
0
0
0.4221018159031921
3
151.4049921089485
0.9953071107708886
0
0
75.69739899096
0.9906784449012561
0.41126628005890753
3
154.27525197284447
0.9961807775028598
0
0
77.16682283675706
0.990951202545085
0.5451609099886733
3
156.11753957841483
0.9759058508840236
0
0
78.00214321851763
0.9248475923792425
0.589116799314852
3
154.9432624600278
0.9804504162226863
0
0
77.45075078796934
0.9366437990807213
0.44049479693452737
3
152.0250794957153
0.980582034819529
0
0
75.90818280539216
0.9697608243334425
0.3947761874970212
4
148.39712950776857
0.9698124778028379
181.47935925239452
0.2408361679258266
0
0
81.76889337957258
0.24236609198081288
0.34867274056759406
6
144.23609923425238
0.9568669684600691
738.7419324443056
0.32370753560668125
180.08784811810403
0.2880514444847063
0
0
120.86136288475706
0.34638844660309015
80.17650898319073
0.23619246923142112
0.34970303624827576
6
142.63904459330266
0.8999427145239367
355.030039084288
0.38353132595348965
238.6157673655165
0.3692981988654619
0
0
101.57636137391833
0.3453195503277671
89.3911751386634
0.2950824274408864
0.18419791263691654
3
119.93203573210906
0.5433262085657565
0
0
105.18128144375191
0.3257090031539377
0.0430381820666564
4
0
0
144.11407470255583
0.37656462453122586
103.33028390449415
0.3810134651506836
77.74571190670952
0.5334521228487759
0.04814154436529609
4
284.097619704535
0.7921979120112035
0
0
142.94508676442086
0.8011112664632268
95.58098942416437
0.6148680110611059
0.031289183808231286
4
0
0
278.57804543351057
0.4404740241678663
146.16054359732811
0.6592345565764227
97.83783174847835
0.3646314229445728
0.024516549063901657
6
0
0
758.3777756840201
0.29192878719633975
362.83968198116395
0.30660116993100367
240.39864236776307
0.327783926156494
144.90535835071393
0.31695710644599373
103.78707415985886
0.3819453866964648
0.014333307171586184
2
0
0
75.68855266949355
0.26198317873871846
0.009253813684230495
3
0
0
125.70446951622132
0.342184279984417
123.77267123458887
0.34423091809914147
0.006582729185614866
3
0
0
143.20596554453078
0.29022082284465284
141.24028826712268
0.28794293725943754
0.012448738938704296
1
0
0
0.01033639782808772
2
0
0
10131.94197885359
0.9835700257117064
0.012751960356535372
1
0
0
0.007864587277311678
4
0
0
352.75310664452434
0.2599302748293511
336.67606728123116
0.2583144102184463
306.3077911362351
0.24750993114809397
0.031173749915884664
1
0
0
0.04334647798100474
1
0
0
0.014428602195765184
5
0
0
976.909135341731
0.41659249981578195
284.3976867181472
0.23328240797015365
120.48685699506103
0.4243797081866392
84.86119547248876
0.22945892195860526
0.01248263535208701
12
0
0
1412.9684626231701
0.5049965332856807
961.0469122337124
0.5160567583225779
597.6371490268466
0.2256579938364142
480.07972189750234
0.2677749796542569
418.290160547962
0.2692119850956035
360.11629376196345
0.2926917644168733
324.76769874666275
0.2836692815271458
267.9019584830042
0.4028168018181604
226.47071034307797
0.2559673793446403
209.03127123079426
0.3177060339254913
197.5035127534434
0.26697429540098655
0.010477583132121673
3
0
0
1375.3744348877872
0.36159059934168025
991.3486205095321
0.4225259908150015
0.015834943315179886
3
0
0
1049.9862142016052
0.40721882709140406
160.09771529131174
0.2770771512752836
0.012804018219485033
2
0
0
620.4714743676199
0.49668113099904004
0.013827902090459735
1
0
0
0.007496519809146681
7
0
0
1135.1003942505183
0.4482478436282077
379.16018886296723
0.3111280397193259
328.11492921397644
0.30278183104070205
296.0945724442845
0.26094573068672794
214.82962193669744
0.3552807690402555
179.23010436750036
0.22886217537653422
0.008860267626187987
2
0
0
381.22389300173705
0.36566084210817507
0.008919262061672298
4
0
0
237.33847697340397
0.5458472458253957
226.41222564724654
0.5572711807276656
114.1293168443064
0.2645487466025749
